0.015625 0.9493337494797235 0.9493337494797235 0.9444444444444466
0.03125 0.9493337494797235 0.9493337494797235 0.9444444444444466
0.046875 0.9493337494797259 0.9493337494797259 0.9444444444444443
0.0625 0.949333749479728 0.949333749479728 0.9444444444444408
0.078125 0.949333749479725 0.949333749479725 0.944444444444446
0.09375 0.9493337494797246 0.9493337494797246 0.9444444444444449
0.109375 0.9493337494797224 0.9493337494797224 0.9444444444444403
0.125 0.9493337494797237 0.9493337494797237 0.9444444444444479
0.140625 0.9493337494796632 0.9493337494796632 0.9444444444443945
0.15625 0.9493337494787311 0.9493337494787311 0.9444444444435971
0.171875 0.9493337494695676 0.9493337494695676 0.9444444444357679
0.1875 0.9493337494090727 0.9493337494090727 0.9444444443840733
0.203125 0.9493337491151038 0.9493337491151038 0.9444444441329222
0.21875 0.9493337479913542 0.9493337479913542 0.9444444431727796
0.234375 0.9493337444431327 0.9493337444431327 0.94444444014117
0.25 0.9493337348450028 0.9493337348450028 0.9444444319405374
0.265625 0.9493337119710316 0.9493337119710316 0.9444444123969988
0.28125 0.9493336628906478 0.9493336628906478 0.9444443704626988
0.296875 0.9493335664386049 0.9493335664386049 0.9444442880540121
0.3125 0.9493333904541905 0.9493333904541905 0.944444137692778
0.328125 0.9493330890341661 0.9493330890341661 0.9444438801591327
0.34375 0.9493326000479455 0.9493326000479455 0.9444434623683631
0.359375 0.9493318431305572 0.9493318431305572 0.9444428156558629
0.375 0.9493307183108499 0.9493307183108499 0.9444418546046789
0.390625 0.9493291053641776 0.9493291053641776 0.9444404764917412
0.40625 0.9493268639119476 0.9493268639119476 0.9444385613717927
0.421875 0.9493238342334872 0.9493238342334872 0.9444359727694036
0.4375 0.9493198387124093 0.9493198387124093 0.9444325589124425
0.453125 0.9493146838114641 0.9493146838114641 0.9444281544162577
0.46875 0.949308162455288 0.949308162455288 0.9444225823154787
0.484375 0.949300056697539 0.949300056697539 0.9444156563377978
0.5 0.9492901405542193 0.9492901405542193 0.9444071833188347
0.515625 0.9492781828966831 0.9492781828966831 0.9443969656668982
0.53125 0.9492639503122525 0.9492639503122525 0.9443848037993656
0.546875 0.9492472098572643 0.9492472098572643 0.9443704984863002
0.5625 0.9492277316432491 0.9492277316432491 0.9443538530509054
0.578125 0.9492052912128912 0.9492052912128912 0.9443346753901926
0.59375 0.9491796716761934 0.9491796716761934 0.944312779790343
0.609375 0.9491506655893341 0.9491506655893341 0.9442879885225749
0.625 0.9491180765690459 0.9491180765690459 0.9442601332133126
0.640625 0.9490817206433891 0.9490817206433891 0.9442290559896931
0.65625 0.9490414273462704 0.9490414273462704 0.9441946104069612
0.671875 0.9489970405680473 0.9489970405680473 0.9441566621684531
0.6875 0.9489484191777311 0.9489484191777311 0.944115089651604
0.703125 0.9488954374348588 0.9488954374348588 0.9440697842555339
0.71875 0.9488379852103638 0.9488379852103638 0.9440206505867974
0.734375 0.9487759680362302 0.9487759680362302 0.9439676065003171
0.75 0.9487093070038736 0.9487093070038736 0.9439105830125414
0.765625 0.9486379385306165 0.9486379385306165 0.943849524103336
0.78125 0.9485618140127076 0.9485618140127076 0.9437843864224086
0.796875 0.9484808993825262 0.9484808993825262 0.9437151389151626
0.8125 0.9483951745861777 0.9483951745861777 0.9436417623818534
0.828125 0.9483046329964361 0.9483046329964361 0.9435642489827283
0.84375 0.9482092807748365 0.9482092807748365 0.9434826017006388
0.859375 0.948109136195051 0.948109136195051 0.9433968337717059
0.875 0.948004228938743 0.948004228938743 0.9433069680930617
0.890625 0.9478945993735886 0.9478945993735886 0.9432130366161879
0.90625 0.9477802978220561 0.9477802978220561 0.9431150797327692
0.921875 0.9476613838283766 0.9476613838283766 0.9430131456594926
0.9375 0.9475379254302775 0.9475379254302775 0.9429072898270331
0.953125 0.947409998440861 0.947409998440861 0.9427975742780381
0.96875 0.947277685745251 0.947277685745251 0.9426840670775325
0.984375 0.9471410766158868 0.9471410766158868 0.9425668417393264
1 0.9470002660496972 0.9470002660496972 0.9424459766708766
1.015625 0.9468553541294454 0.9468553541294454 0.9423215546384783
1.03125 0.9467064454114112 0.9467064454114112 0.9421936622546325
1.046875 0.9465536483407204 0.9465536483407204 0.9420623894886315
1.0625 0.9463970746953941 0.9463970746953941 0.9419278292011765
1.078125 0.9462368390597317 0.9462368390597317 0.9417900767034882
1.09375 0.946073058327402 0.946073058327402 0.9416492293412724
1.109375 0.9459058512341306 0.9459058512341306 0.9415053861033447
1.125 0.9457353379199041 0.9457353379199041 0.9413586472548683
1.140625 0.9455616395201741 0.9455616395201741 0.9412091139947094
1.15625 0.9453848777855745 0.9453848777855745 0.9410568881364982
1.171875 0.9452051747292615 0.9452051747292615 0.9409020718126744
1.1875 0.9450226523012133 0.9450226523012133 0.9407447672009053
1.203125 0.9448374320884558 0.9448374320884558 0.9405850762720253
1.21875 0.9446496350401795 0.9446496350401795 0.9404231005586132
1.234375 0.9444593812168205 0.9444593812168205 0.9402589409434831
1.25 0.9442667895619091 0.9442667895619091 0.9400926974670283
1.265625 0.9440719776956171 0.9440719776956171 0.9399244691524953
1.28125 0.9438750617289257 0.9438750617289257 0.9397543538484463
1.296875 0.9436761560971636 0.9436761560971636 0.9395824480872945
1.3125 0.9434753734120581 0.9434753734120581 0.9394088469589841
1.328125 0.943272824330929 0.943272824330929 0.9392336439991459
1.34375 0.9430686174421403 0.9430686174421403 0.9390569310905407
1.359375 0.942862859165705 0.942862859165705 0.9388787983771819
1.375 0.9426556536680751 0.9426556536680751 0.9386993341901594
1.390625 0.9424471027900829 0.9424471027900829 0.9385186249844357
1.40625 0.9422373059871303 0.9422373059871303 0.9383367552857889
1.421875 0.9420263602807459 0.9420263602807459 0.9381538076472266
1.4375 0.9418143602205801 0.9418143602205801 0.9379698626140744
1.453125 0.9416013978561369 0.9416013978561369 0.937784998697181
1.46875 0.9413875627173081 0.9413875627173081 0.9375992923534981
1.484375 0.9411729418031244 0.9411729418031244 0.9374128179734516
1.5 0.9409576195778826 0.9409576195778826 0.9372256478745866
1.515625 0.9407416779741298 0.9407416779741298 0.9370378523008775
1.53125 0.9405251964017323 0.9405251964017323 0.9368494994271463
1.546875 0.9403082517625693 0.9403082517625693 0.9366606553683563
1.5625 0.9400909184702672 0.9400909184702672 0.9364713841929118
1.578125 0.9398732684743663 0.9398732684743663 0.9362817479399956
1.59375 0.9396553712886043 0.9396553712886043 0.9360918066401513
1.609375 0.9394372940227463 0.9394372940227463 0.935901618339084
1.625 0.9392191014175869 0.9392191014175869 0.9357112391240313
1.640625 0.9390008558826958 0.9390008558826958 0.9355207231526357
1.65625 0.9387826175366761 0.9387826175366761 0.9353301226838606
1.671875 0.9385644442493779 0.9385644442493779 0.9351394881107328
1.6875 0.9383463916860488 0.9383463916860488 0.934948867994691
1.703125 0.9381285133527952 0.9381285133527952 0.9347583091011806
1.71875 0.9379108606434611 0.9379108606434611 0.9345678564364951
1.734375 0.9376934828873645 0.9376934828873645 0.9343775532854358
1.75 0.9374764273978961 0.9374764273978961 0.9341874412497509
1.765625 0.937259739521629 0.937259739521629 0.9339975602870793
1.78125 0.9370434626879114 0.9370434626879114 0.9338079487504877
1.796875 0.9368276384585577 0.9368276384585577 0.93361864342805
1.8125 0.9366123065777378 0.9366123065777378 0.933429679582751
1.828125 0.9363975050217167 0.9363975050217167 0.9332410909923592
1.84375 0.9361832700484615 0.9361832700484615 0.9330529099892307
1.859375 0.9359696362469351 0.9359696362469351 0.9328651674999853
1.875 0.9357566365859893 0.9357566365859893 0.9326778930848963
1.890625 0.9355443024627761 0.9355443024627761 0.9324911149769977
1.90625 0.9353326637506088 0.9353326637506088 0.9323048601207531
1.921875 0.9351217488461717 0.9351217488461717 0.9321191542103506
1.9375 0.9349115847160858 0.9349115847160858 0.931934021727436
1.953125 0.9347021969426195 0.9347021969426195 0.9317494859782811
1.96875 0.9344936097687918 0.9344936097687918 0.9315655691304682
1.984375 0.9342858461424195 0.9342858461424195 0.9313822922488517
2 0.9340789277595076 0.9340789277595076 0.9311996753308766
2.015625 0.9338728751066193 0.9338728751066193 0.9310177373413039
2.03125 0.9336677075023835 0.9336677075023835 0.9308364962461347
2.046875 0.9334634431380922 0.9334634431380922 0.9306559690458662
2.0625 0.9332600991172652 0.9332600991172652 0.9304761718080512
2.078125 0.9330576914943849 0.9330576914943849 0.9302971196990496
2.09375 0.9328562353125743 0.9328562353125743 0.930118827015069
2.109375 0.9326557446403891 0.9326557446403891 0.9299413072124869
2.125 0.9324562326075454 0.9324562326075454 0.9297645729373485
2.140625 0.9322577114398042 0.9322577114398042 0.9295886360541538
2.15625 0.9320601924928222 0.9320601924928222 0.9294135076739154
2.171875 0.9318636862850914 0.9318636862850914 0.9292391981814077
2.1875 0.9316682025299164 0.9316682025299164 0.9290657172617173
2.203125 0.9314737501664927 0.9314737501664927 0.9288930739260434
2.21875 0.9312803373900116 0.9312803373900116 0.9287212765367591
2.234375 0.931087971680946 0.931087971680946 0.9285503328317924
2.25 0.9308966598333585 0.9308966598333585 0.9283802499482326
2.265625 0.930706407982384 0.930706407982384 0.9282110344452961
2.28125 0.9305172216308603 0.9305172216308603 0.928042692326555
2.296875 0.9303291056750594 0.9303291056750594 0.9278752290615252
2.3125 0.9301420644296576 0.9301420644296576 0.9277086496066121
2.328125 0.9299561016518676 0.9299561016518676 0.9275429584252999
2.34375 0.9297712205647548 0.9297712205647548 0.9273781595078296
2.359375 0.9295874238798467 0.9295874238798467 0.9272142563902043
2.375 0.9294047138189137 0.9294047138189137 0.927051252172519
2.390625 0.9292230921350528 0.9292230921350528 0.9268891495368218
2.40625 0.9290425601330604 0.9290425601330604 0.9267279507642789
2.421875 0.9288631186890738 0.9288631186890738 0.9265676577518285
2.4375 0.9286847682695681 0.9286847682695681 0.9264082720282808
2.453125 0.9285075089496594 0.9285075089496594 0.926249794769843
2.46875 0.9283313404308012 0.9283313404308012 0.9260922268151678
2.484375 0.9281562620577838 0.9281562620577838 0.9259355686798456
2.5 0.9279822728352215 0.9279822728352215 0.9257798205704378
2.515625 0.9278093714433815 0.9278093714433815 0.92562498239797
2.53125 0.927637556253443 0.927637556253443 0.9254710537910282
2.546875 0.9274668253422381 0.9274668253422381 0.925318034108353
2.5625 0.927297176506417 0.927297176506417 0.9251659224509869
2.578125 0.9271286072761034 0.9271286072761034 0.9250147176739911
2.59375 0.9269611149280503 0.9269611149280503 0.9248644183978112
2.609375 0.9267946964982987 0.9267946964982987 0.9247150230191064
2.625 0.9266293487943632 0.9266293487943632 0.9245665297213372
2.640625 0.9264650684069243 0.9264650684069243 0.9244189364848291
2.65625 0.9263018517211598 0.9263018517211598 0.9242722410965785
2.671875 0.9261396949275651 0.9261396949275651 0.924126441159663
2.6875 0.9259785940323672 0.9259785940323672 0.9239815341022525
2.703125 0.9258185448675892 0.9258185448675892 0.9238375171863895
2.71875 0.9256595431006878 0.9256595431006878 0.92369438751637
2.734375 0.9255015842437667 0.9255015842437667 0.9235521420468094
2.75 0.9253446636625604 0.9253446636625604 0.9234107775904562
2.765625 0.925188776584927 0.925188776584927 0.9232702908256581
2.78125 0.9250339181090712 0.9250339181090712 0.9231306783035994
2.796875 0.9248800832114493 0.9248800832114493 0.9229919364551817
2.8125 0.9247272667543071 0.9247272667543071 0.9228540615977506
2.828125 0.9245754634929857 0.9245754634929857 0.9227170499414626
2.84375 0.9244246680828641 0.9244246680828641 0.9225808975954682
2.859375 0.924274875086056 0.924274875086056 0.9224456005738341
2.875 0.9241260789778202 0.9241260789778202 0.9223111548012262
2.890625 0.9239782741527262 0.9239782741527262 0.9221775561183967
2.90625 0.9238314549305453 0.9238314549305453 0.922044800287424
2.921875 0.9236856155618798 0.9236856155618798 0.9219128829967753
2.9375 0.9235407502336471 0.9235407502336471 0.9217817998661365
2.953125 0.9233968530741838 0.9233968530741838 0.9216515464510866
2.96875 0.9232539181582595 0.9232539181582595 0.9215221182475516
2.984375 0.9231119395118561 0.9231119395118561 0.9213935106960841
3 0.9229709111166768 0.9229709111166768 0.9212657191859956
3.015625 0.9228308269145488 0.9228308269145488 0.9211387390592922
3.03125 0.9226916808115548 0.9226916808115548 0.9210125656144649
3.046875 0.9225534666820572 0.9225534666820572 0.9208871941101089
3.0625 0.922416178372498 0.922416178372498 0.9207626197684124
3.078125 0.9222798097050452 0.9222798097050452 0.920638837778474
3.09375 0.9221443544810766 0.9221443544810766 0.920515843299534
3.109375 0.9220098064845252 0.9220098064845252 0.9203936314639871
3.125 0.921876159485026 0.921876159485026 0.9202721973803437
3.140625 0.9217434072409764 0.9217434072409764 0.9201515361360433
3.15625 0.9216115435024419 0.9216115435024419 0.9200316428000914
3.171875 0.9214805620138924 0.9214805620138924 0.919912512425705
3.1875 0.9213504565168378 0.9213504565168378 0.9197941400527015
3.203125 0.92122122075237 0.92122122075237 0.9196765207098897
3.21875 0.9210928484635175 0.9210928484635175 0.9195596494172984
3.234375 0.9209653333975586 0.9209653333975586 0.9194435211883344
3.25 0.9208386693081668 0.9208386693081668 0.9193281310318548
3.265625 0.9207128499574806 0.9207128499574806 0.9192134739540636
3.28125 0.920587869118067 0.920587869118067 0.9190995449604568
3.296875 0.9204637205747965 0.9204637205747965 0.918986339057564
3.3125 0.9203403981265866 0.9203403981265866 0.9188738512546614
3.328125 0.9202178955881278 0.9202178955881278 0.9187620765654047
3.34375 0.9200962067914373 0.9200962067914373 0.9186510100093631
3.359375 0.9199753255874031 0.9199753255874031 0.9185406466135114
3.375 0.9198552458471905 0.9198552458471905 0.9184309814136142
3.390625 0.919735961463626 0.919735961463626 0.9183220094555871
3.40625 0.9196174663524675 0.9196174663524675 0.9182137257967322
3.421875 0.9194997544536224 0.9194997544536224 0.9181061255070003
3.4375 0.919382819732281 0.919382819732281 0.9179992036700739
3.453125 0.9192666561800111 0.9192666561800111 0.917892955384524
3.46875 0.9191512578157941 0.9191512578157941 0.9177873757647825
3.484375 0.9190366186869515 0.9190366186869515 0.9176824599421894
3.5 0.9189227328700597 0.9189227328700597 0.9175782030658468
3.515625 0.9188095944718069 0.9188095944718069 0.9174746003035696
3.53125 0.9186971976297801 0.9186971976297801 0.9173716468426822
3.546875 0.9185855365132235 0.9185855365132235 0.917269337890805
3.5625 0.9184746053237106 0.9184746053237106 0.9171676686766153
3.578125 0.9183643982958193 0.9183643982958193 0.9170666344505342
3.59375 0.9182549096977214 0.9182549096977214 0.9169662304853924
3.609375 0.9181461338317548 0.9181461338317548 0.9168664520770525
3.625 0.9180380650349401 0.9180380650349401 0.9167672945449795
3.640625 0.9179306976794759 0.9179306976794759 0.916668753232832
3.65625 0.9178240261731925 0.9178240261731925 0.9165708235089298
3.671875 0.9177180449599091 0.9177180449599091 0.9164735007667532
3.6875 0.9176127485198858 0.9176127485198858 0.9163767804254146
3.703125 0.9175081313701238 0.9175081313701238 0.9162806579300273
3.71875 0.9174041880646834 0.9174041880646834 0.9161851287521554
3.734375 0.9173009131949755 0.9173009131949755 0.9160901883901321
3.75 0.9171983013900036 0.9171983013900036 0.9159958323694167
3.765625 0.9170963473166113 0.9170963473166113 0.9159020562429063
3.78125 0.9169950456796568 0.9169950456796568 0.915808855591203
3.796875 0.9168943912222139 0.9168943912222139 0.9157162260229161
3.8125 0.9167943787257097 0.9167943787257097 0.9156241631748374
3.828125 0.9166950030100466 0.9166950030100466 0.9155326627122317
3.84375 0.9165962589337381 0.9165962589337381 0.9154417203289728
3.859375 0.9164981413939672 0.9164981413939672 0.9153513317477748
3.875 0.9164006453266677 0.9164006453266677 0.9152614927202959
3.890625 0.9163037657065668 0.9163037657065668 0.915172199027339
3.90625 0.9162074975472205 0.9162074975472205 0.9150834464789134
3.921875 0.9161118359010216 0.9161118359010216 0.9149952309143883
3.9375 0.9160167758591929 0.9160167758591929 0.9149075482025651
3.953125 0.9159223125517867 0.9159223125517867 0.9148203942417472
3.96875 0.9158284411476392 0.9158284411476392 0.9147337649598055
3.984375 0.9157351568543092 0.9157351568543092 0.9146476563142524
4 0.9156424549180335 0.9156424549180335 0.9145620642922243
4.015625 0.9155503306236614 0.9155503306236614 0.9144769849105332
4.03125 0.9154587792945581 0.9154587792945581 0.914392414215689
4.046875 0.9153677962924948 0.9153677962924948 0.914308348283868
4.0625 0.9152773770175593 0.9152773770175593 0.9142247832209114
4.078125 0.9151875169080291 0.9151875169080291 0.9141417151623146
4.09375 0.9150982114402569 0.9150982114402569 0.9140591402731647
4.109375 0.9150094561285156 0.9150094561285156 0.9139770547481268
4.125 0.9149212465248598 0.9149212465248598 0.9138954548113801
4.140625 0.9148335782189767 0.9148335782189767 0.9138143367165479
4.15625 0.9147464468380001 0.9147464468380001 0.9137336967466363
4.171875 0.9146598480463848 0.9146598480463848 0.9136535312139741
4.1875 0.9145737775456819 0.9145737775456819 0.91357383646009
4.203125 0.9144882310744077 0.9144882310744077 0.913494608855656
4.21875 0.9144032044077963 0.9144032044077963 0.9134158448003769
4.234375 0.9143186933576528 0.9143186933576528 0.9133375407228939
4.25 0.9142346937721348 0.9142346937721348 0.9132596930806531
4.265625 0.9141512015355374 0.9141512015355374 0.9131822983598088
4.28125 0.91406821256811 0.91406821256811 0.9131053530751058
4.296875 0.9139857228258129 0.9139857228258129 0.9130288537697352
4.3125 0.913903728300118 0.913903728300118 0.9129527970152232
4.328125 0.9138222250177785 0.9138222250177785 0.9128771794112736
4.34375 0.9137412090406061 0.9137412090406061 0.9128019975856547
4.359375 0.9136606764652451 0.9136606764652451 0.9127272481940291
4.375 0.9135806234229321 0.9135806234229321 0.9126529279198289
4.390625 0.9135010460792661 0.9135010460792661 0.912579033474098
4.40625 0.9134219406339766 0.9134219406339766 0.9125055615953115
4.421875 0.9133433033206713 0.9133433033206713 0.9124325090492694
4.4375 0.9132651304066083 0.9132651304066083 0.9123598726289001
4.453125 0.9131874181924329 0.9131874181924329 0.9122876491541061
4.46875 0.9131101630119655 0.9131101630119655 0.9122158354715812
4.484375 0.9130333612319089 0.9130333612319089 0.912144428454698
4.5 0.9129570092516495 0.9129570092516495 0.9120734250032718
4.515625 0.9128811035029658 0.9128811035029658 0.9120028220434232
4.53125 0.9128056404498004 0.9128056404498004 0.9119326165274118
4.546875 0.91273061658801 0.91273061658801 0.9118628054334341
4.5625 0.9126560284451025 0.9126560284451025 0.911793385765477
4.578125 0.9125818725799772 0.9125818725799772 0.9117243545531059
4.59375 0.9125081455827109 0.9125081455827109 0.9116557088513151
4.609375 0.9124348440742582 0.9124348440742582 0.9115874457403441
4.625 0.9123619647062086 0.9123619647062086 0.9115195623254565
4.640625 0.9122895041605584 0.9122895041605584 0.9114520557368265
4.65625 0.9122174591494404 0.9122174591494404 0.9113849231293081
4.671875 0.9121458264148452 0.9121458264148452 0.911318161682243
4.6875 0.9120746027284262 0.9120746027284262 0.9112517685993183
4.703125 0.9120037848911854 0.9120037848911854 0.9111857411083467
4.71875 0.9119333697332649 0.9119333697332649 0.9111200764610877
4.734375 0.9118633541136698 0.9118633541136698 0.9110547719330835
4.75 0.9117937349200183 0.9117937349200183 0.9109898248234496
4.765625 0.9117245090683256 0.9117245090683256 0.910925232454691
4.78125 0.9116556735026924 0.9116556735026924 0.9108609921725299
4.796875 0.9115872251951054 0.9115872251951054 0.9107971013457162
4.8125 0.9115191611451677 0.9115191611451677 0.9107335573658196
4.828125 0.911451478379869 0.911451478379869 0.9106703576470824
4.84375 0.9113841739533137 0.9113841739533137 0.9106074996262111
4.859375 0.9113172449464945 0.9113172449464945 0.9105449807621774
4.875 0.9112506884670361 0.9112506884670361 0.9104827985360811
4.890625 0.9111845016489631 0.9111845016489631 0.9104209504509096
4.90625 0.9111186816524499 0.9111186816524499 0.9103594340313941
4.921875 0.911053225663602 0.911053225663602 0.9102982468238062
4.9375 0.9109881308941633 0.9109881308941633 0.9102373863957901
4.953125 0.9109233945813355 0.9109233945813355 0.9101768503361553
4.96875 0.9108590139875131 0.9108590139875131 0.9101166362547348
4.984375 0.9107949864000733 0.9107949864000733 0.9100567417821689
5 0.9107313091310816 0.9107313091310816 0.9099971645697343
5.015625 0.9106679795171333 0.9106679795171333 0.9099379022891845
5.03125 0.9106049949190756 0.9106049949190756 0.9098789526325431
5.046875 0.9105423527218113 0.9105423527218113 0.9098203133119389
5.0625 0.910480050334015 0.910480050334015 0.9097619820594337
5.078125 0.910418085187982 0.910418085187982 0.9097039566268522
5.09375 0.9103564547393501 0.9103564547393501 0.9096462347855739
5.109375 0.9102951564668827 0.9102951564668827 0.9095888143264034
5.125 0.9102341878722592 0.9102341878722592 0.9095316930593579
5.140625 0.910173546479879 0.910173546479879 0.9094748688135303
5.15625 0.9101132298365748 0.9101132298365748 0.9094183394368887
5.171875 0.9100532355114659 0.9100532355114659 0.9093621027961422
5.1875 0.9099935610957153 0.9099935610957153 0.9093061567765147
5.203125 0.9099342042022953 0.9099342042022953 0.909250499281637
5.21875 0.9098751624658141 0.9098751624658141 0.909195128233346
5.234375 0.9098164335422851 0.9098164335422851 0.9091400415715276
5.25 0.9097580151089288 0.9097580151089288 0.9090852372539582
5.265625 0.9096999048639448 0.9096999048639448 0.9090307132561267
5.28125 0.9096421005263301 0.9096421005263301 0.9089764675710895
5.296875 0.9095845998356709 0.9095845998356709 0.9089224982092891
5.3125 0.9095274005519356 0.9095274005519356 0.9088688031984123
5.328125 0.9094705004552796 0.9094705004552796 0.9088153805832315
5.34375 0.9094138973458434 0.9094138973458434 0.9087622284254273
5.359375 0.9093575890435575 0.9093575890435575 0.9087093448034541
5.375 0.9093015733879536 0.9093015733879536 0.9086567278123731
5.390625 0.9092458482379668 0.9092458482379668 0.9086043755637022
5.40625 0.9091904114717458 0.9091904114717458 0.9085522861852634
5.421875 0.9091352609864513 0.9091352609864513 0.9085004578210031
5.4375 0.9090803946981089 0.9090803946981089 0.9084488886309151
5.453125 0.9090258105413581 0.9090258105413581 0.9083975767908121
5.46875 0.9089715064693393 0.9089715064693393 0.9083465204922143
5.484375 0.9089174804534479 0.9089174804534479 0.9082957179422019
5.5 0.9088637304832013 0.9088637304832013 0.9082451673632592
5.515625 0.9088102545660263 0.9088102545660263 0.9081948669931402
5.53125 0.9087570507271107 0.9087570507271107 0.9081448150847239
5.546875 0.9087041170092017 0.9087041170092017 0.9080950099058538
5.5625 0.9086514514724428 0.9086514514724428 0.9080454497392411
5.578125 0.908599052194212 0.908599052194212 0.9079961328822683
5.59375 0.9085469172689301 0.9085469172689301 0.9079470576468935
5.609375 0.9084950448078992 0.9084950448078992 0.9078982223594895
5.625 0.9084434329391503 0.9084434329391503 0.9078496253607239
5.640625 0.9083920798072619 0.9083920798072619 0.9078012650054215
5.65625 0.9083409835731873 0.9083409835731873 0.9077531396624126
5.671875 0.908290142414108 0.908290142414108 0.907705247714417
5.6875 0.9082395545232795 0.9082395545232795 0.9076575875579207
5.703125 0.9081892181098402 0.9081892181098402 0.9076101576030136
5.71875 0.9081391313986978 0.9081391313986978 0.9075629562733081
5.734375 0.9080892926303213 0.9080892926303213 0.907515982005764
5.75 0.9080397000606329 0.9080397000606329 0.9074692332505871
5.765625 0.9079903519608304 0.9079903519608304 0.9074227084711065
5.78125 0.9079412466172345 0.9079412466172345 0.9073764061436281
5.796875 0.9078923823311523 0.9078923823311523 0.9073303247573393
5.8125 0.9078437574187149 0.9078437574187149 0.9072844628141761
5.828125 0.907795370210736 0.907795370210736 0.9072388188286848
5.84375 0.9077472190525693 0.9077472190525693 0.9071933913279179
5.859375 0.9076993023039557 0.9076993023039557 0.9071481788513324
5.875 0.9076516183388951 0.9076516183388951 0.9071031799506386
5.890625 0.9076041655454782 0.9076041655454782 0.9070583931897069
5.90625 0.9075569423257905 0.9075569423257905 0.9070138171444422
5.921875 0.9075099470957252 0.9075099470957252 0.9069694504026682
5.9375 0.9074631782848745 0.9074631782848745 0.9069252915640312
5.953125 0.9074166343363866 0.9074166343363866 0.9068813392398597
5.96875 0.9073703137068377 0.9073703137068377 0.9068375920530805
5.984375 0.9073242148660975 0.9073242148660975 0.9067940486380855
6 0.9072783362971768 0.9072783362971768 0.9067507076406466
6.015625 0.9072326764961341 0.9072326764961341 0.9067075677177945
6.03125 0.9071872339719171 0.9071872339719171 0.9066646275377045
6.046875 0.9071420072462458 0.9071420072462458 0.9066218857796065
6.0625 0.907096994853492 0.907096994853492 0.9065793411336692
6.078125 0.9070521953405445 0.9070521953405445 0.9065369923009051
6.09375 0.9070076072666874 0.9070076072666874 0.9064948379930626
6.109375 0.9069632292034921 0.9069632292034921 0.9064528769325163
6.125 0.9069190597346695 0.9069190597346695 0.9064111078521867
6.140625 0.9068750974559737 0.9068750974559737 0.906369529495418
6.15625 0.9068313409750781 0.9068313409750781 0.906328140615891
6.171875 0.9067877889114478 0.9067877889114478 0.9062869399775431
6.1875 0.9067444398962311 0.9067444398962311 0.906245926354429
6.203125 0.9067012925721541 0.9067012925721541 0.9062050985306472
6.21875 0.9066583455933875 0.9066583455933875 0.9061644553002731
6.234375 0.9066155976254556 0.9066155976254556 0.9061239954672136
6.25 0.9065730473451067 0.9065730473451067 0.9060837178451493
6.265625 0.9065306934402001 0.9065306934402001 0.9060436212574239
6.28125 0.9064885346096313 0.9064885346096313 0.9060037045369719
6.296875 0.9064465695631899 0.9064465695631899 0.9059639665262142
6.3125 0.9064047970214621 0.9064047970214621 0.9059244060769733
6.328125 0.9063632157157187 0.9063632157157187 0.9058850220503738
6.34375 0.9063218243878347 0.9063218243878347 0.9058458133167805
6.359375 0.9062806217901636 0.9062806217901636 0.9058067787556694
6.375 0.9062396066854537 0.9062396066854537 0.905767917255626
6.390625 0.9061987778466958 0.9061987778466958 0.9057292277141126
6.40625 0.906158134057115 0.906158134057115 0.9056907090375553
6.421875 0.9061176741099923 0.9061176741099923 0.9056523601411393
6.4375 0.9060773968085918 0.9060773968085918 0.9056141799487886
6.453125 0.906037300966082 0.906037300966082 0.905576167393045
6.46875 0.9059973854054045 0.9059973854054045 0.9055383214150016
6.484375 0.9059576489592125 0.9059576489592125 0.905500640964247
6.5 0.9059180904697619 0.9059180904697619 0.9054631249987554
6.515625 0.9058787087888184 0.9058787087888184 0.9054257724848017
6.53125 0.9058395027775613 0.9058395027775613 0.9053885823969258
6.546875 0.9058004713065052 0.9058004713065052 0.9053515537178244
6.5625 0.9057616132554078 0.9057616132554078 0.9053146854382665
6.578125 0.9057229275131644 0.9057229275131644 0.9052779765570547
6.59375 0.9056844129777432 0.9056844129777432 0.9052414260809046
6.609375 0.9056460685560762 0.9056460685560762 0.9052050330244094
6.625 0.9056078931639926 0.9056078931639926 0.9051687964099506
6.640625 0.9055698857261277 0.9055698857261277 0.9051327152676342
6.65625 0.9055320451758248 0.9055320451758248 0.9050967886352006
6.671875 0.9054943704550701 0.9054943704550701 0.9050610155579686
6.6875 0.9054568605144037 0.9054568605144037 0.9050253950887677
6.703125 0.9054195143128337 0.9054195143128337 0.9049899262878662
6.71875 0.9053823308177582 0.9053823308177582 0.9049546082228846
6.734375 0.9053453090048903 0.9053453090048903 0.9049194399687656
6.75 0.9053084478581719 0.9053084478581719 0.9048844206076674
6.765625 0.9052717463696955 0.9052717463696955 0.9048495492289136
6.78125 0.9052352035396311 0.9052352035396311 0.9048148249289356
6.796875 0.9051988183761542 0.9051988183761542 0.9047802468112032
6.8125 0.905162589895354 0.905162589895354 0.9047458139861432
6.828125 0.9051265171211696 0.9051265171211696 0.9047115255710906
6.84375 0.905090599085325 0.905090599085325 0.9046773806902342
6.859375 0.9050548348272337 0.9050548348272337 0.9046433784745428
6.875 0.9050192233939335 0.9050192233939335 0.9046095180616782
6.890625 0.9049837638400269 0.9049837638400269 0.9045757985959925
6.90625 0.9049484552275979 0.9049484552275979 0.904542219228411
6.921875 0.9049132966261539 0.9049132966261539 0.9045087791164083
6.9375 0.9048782871125322 0.9048782871125322 0.9044754774239192
6.953125 0.9048434257708533 0.9048434257708533 0.904442313321315
6.96875 0.9048087116924486 0.9048087116924486 0.9044092859853058
6.984375 0.9047741439757782 0.9047741439757782 0.9043763945989256
7 0.9047397217263885 0.9047397217263885 0.9043436383514289
7.015625 0.9047054440568331 0.9047054440568331 0.9043110164382724
7.03125 0.9046713100865968 0.9046713100865968 0.9042785280610485
7.046875 0.9046373189420482 0.9046373189420482 0.9042461724274012
7.0625 0.9046034697563644 0.9046034697563644 0.9042139487510257
7.078125 0.9045697616694857 0.9045697616694857 0.9041818562515637
7.09375 0.9045361938280215 0.9045361938280215 0.9041498941545768
7.109375 0.904502765385223 0.904502765385223 0.9041180616914798
7.125 0.9044694755008943 0.9044694755008943 0.9040863580995111
7.140625 0.904436323341345 0.904436323341345 0.9040547826216448
7.15625 0.9044033080793262 0.9044033080793262 0.9040233345065676
7.171875 0.9043704288939812 0.9043704288939812 0.9039920130086085
7.1875 0.9043376849707653 0.9043376849707653 0.9039608173877133
7.203125 0.9043050755014145 0.9043050755014145 0.9039297469093672
7.21875 0.9042725996838602 0.9042725996838602 0.9038988008445676
7.234375 0.9042402567221832 0.9042402567221832 0.9038679784697456
7.25 0.9042080458265773 0.9042080458265773 0.9038372790667492
7.265625 0.9041759662132665 0.9041759662132665 0.9038067019227899
7.28125 0.9041440171044567 0.9041440171044567 0.9037762463303662
7.296875 0.9041121977282751 0.9041121977282751 0.9037459115872574
7.3125 0.9040805073187519 0.9040805073187519 0.9037156969964357
7.328125 0.9040489451157089 0.9040489451157089 0.9036856018660658
7.34375 0.9040175103647509 0.9040175103647509 0.9036556255094231
7.359375 0.9039862023171944 0.9039862023171944 0.9036257672448461
7.375 0.9039550202300309 0.9039550202300309 0.9035960263957236
7.390625 0.9039239633658513 0.9039239633658513 0.9035664022904325
7.40625 0.9038930309928139 0.9038930309928139 0.9035368942622785
7.421875 0.9038622223845877 0.9038622223845877 0.9035075016494754
7.4375 0.9038315368203094 0.9038315368203094 0.9034782237950993
7.453125 0.9038009735845228 0.9038009735845228 0.9034490600470306
7.46875 0.9037705319671299 0.9037705319671299 0.9034200097579284
7.484375 0.9037402112633641 0.9037402112633641 0.9033910722851826
7.5 0.9037100107737135 0.9037100107737135 0.9033622469908607
7.515625 0.903679929803887 0.903679929803887 0.9033335332416932
7.53125 0.9036499676647717 0.9036499676647717 0.9033049304090036
7.546875 0.9036201236723905 0.9036201236723905 0.9032764378686993
7.5625 0.9035903971478266 0.9035903971478266 0.9032480550011918
7.578125 0.9035607874172158 0.9035607874172158 0.9032197811914066
7.59375 0.9035312938116765 0.9035312938116765 0.9031916158286984
7.609375 0.9035019156672764 0.9035019156672764 0.9031635583068321
7.625 0.9034726523249881 0.9034726523249881 0.9031356080239628
7.640625 0.9034435031306465 0.9034435031306465 0.903107764382556
7.65625 0.9034144674348897 0.9034144674348897 0.9030800267893931
7.671875 0.9033855445931369 0.9033855445931369 0.9030523946555037
7.6875 0.9033567339655458 0.9033567339655458 0.9030248673961392
7.703125 0.9033280349169374 0.9033280349169374 0.902997444430748
7.71875 0.9032994468168154 0.9032994468168154 0.9029701251829184
7.734375 0.9032709690392613 0.9032709690392613 0.9029429090803591
7.75 0.9032426009629394 0.9032426009629394 0.9029157955548569
7.765625 0.9032143419710323 0.9032143419710323 0.9028887840422326
7.78125 0.9031861914512149 0.9031861914512149 0.902861873982328
7.796875 0.9031581487955918 0.9031581487955918 0.902835064818968
7.8125 0.9031302134007041 0.9031302134007041 0.9028083559999003
7.828125 0.9031023846674364 0.9031023846674364 0.9027817469767881
7.84375 0.9030746620010155 0.9030746620010155 0.902755237205173
7.859375 0.903047044810962 0.903047044810962 0.902728826144432
7.875 0.9030195325110474 0.9030195325110474 0.9027025132577516
7.890625 0.902992124519265 0.902992124519265 0.9026762980120926
7.90625 0.9029648202577896 0.9029648202577896 0.9026501798781792
7.921875 0.9029376191529432 0.9029376191529432 0.9026241583304159
7.9375 0.9029105206351564 0.9029105206351564 0.9025982328469134
7.953125 0.9028835241389301 0.9028835241389301 0.9025724029094228
7.96875 0.9028566291028124 0.9028566291028124 0.9025466680033118
7.984375 0.902829834969353 0.902829834969353 0.9025210276175505
8 0.9028031411850655 0.9028031411850655 0.902495481244652
8.015625 0.9027765472004028 0.9027765472004028 0.9024700283806641
8.03125 0.9027500524697175 0.9027500524697175 0.9024446685251353
8.046875 0.9027236564512325 0.9027236564512325 0.9024194011810805
8.0625 0.9026973586070109 0.9026973586070109 0.9023942258549604
8.078125 0.9026711584029048 0.9026711584029048 0.9023691420566424
8.09375 0.902645055308543 0.902645055308543 0.9023441492993811
8.109375 0.9026190487972949 0.9026190487972949 0.9023192470997838
8.125 0.902593138346224 0.902593138346224 0.9022944349777751
8.140625 0.902567323436082 0.902567323436082 0.9022697124566047
8.15625 0.9025416035512578 0.9025416035512578 0.9022450790627721
8.171875 0.9025159781797428 0.9025159781797428 0.9022205343260369
8.1875 0.9024904468131144 0.9024904468131144 0.9021960777793481
8.203125 0.9024650089465136 0.9024650089465136 0.9021717089588835
8.21875 0.9024396640785809 0.9024396640785809 0.9021474274039675
8.234375 0.9024144117114673 0.9024144117114673 0.9021232326570621
8.25 0.9023892513507596 0.9023892513507596 0.9020991242637429
8.265625 0.9023641825055037 0.9023641825055037 0.9020751017726724
8.28125 0.9023392046881382 0.9023392046881382 0.902051164735591
8.296875 0.9023143174144679 0.9023143174144679 0.90202731270724
8.3125 0.9022895202036552 0.9022895202036552 0.9020035452454085
8.328125 0.9022648125781744 0.9022648125781744 0.9019798619108588
8.34375 0.9022401940637862 0.9022401940637862 0.9019562622673197
8.359375 0.9022156641895299 0.9022156641895299 0.9019327458814369
8.375 0.9021912224876633 0.9021912224876633 0.9019093123228036
8.390625 0.9021668684936676 0.9021668684936676 0.901885961163886
8.40625 0.9021426017461845 0.9021426017461845 0.9018626919800121
8.421875 0.9021184217870345 0.9021184217870345 0.9018395043493711
8.4375 0.902094328161153 0.902094328161153 0.9018163978529535
8.453125 0.9020703204165867 0.9020703204165867 0.9017933720745652
8.46875 0.902046398104448 0.902046398104448 0.9017704266007737
8.484375 0.9020225607789144 0.9020225607789144 0.9017475610209069
8.5 0.901998807997185 0.901998807997185 0.9017247749270211
8.515625 0.9019751393194572 0.9019751393194572 0.9017020679138874
8.53125 0.9019515543089105 0.9019515543089105 0.9016794395789431
8.546875 0.9019280525316703 0.9019280525316703 0.9016568895223116
8.5625 0.9019046335567968 0.9019046335567968 0.9016344173467533
8.578125 0.9018812969562647 0.9018812969562647 0.9016120226576472
8.59375 0.9018580423048965 0.9018580423048965 0.9015897050629863
8.609375 0.9018348691804066 0.9018348691804066 0.9015674641733186
8.625 0.9018117771633156 0.9018117771633156 0.9015452996017826
8.640625 0.9017887658369781 0.9017887658369781 0.9015232109640259
8.65625 0.9017658347875207 0.9017658347875207 0.9015011978782418
8.671875 0.9017429836038391 0.9017429836038391 0.9014792599651085
8.6875 0.9017202118775666 0.9017202118775666 0.9014573968477855
8.703125 0.9016975192030645 0.9016975192030645 0.9014356081518903
8.71875 0.901674905177387 0.901674905177387 0.9014138935054852
8.734375 0.9016523694002748 0.9016523694002748 0.9013922525390522
8.75 0.9016299114741021 0.9016299114741021 0.9013706848854677
8.765625 0.901607531003889 0.901607531003889 0.9013491901799972
8.78125 0.9015852275972728 0.9015852275972728 0.9013277680602669
8.796875 0.9015630008644668 0.9015630008644668 0.9013064181662543
8.8125 0.9015408504182697 0.9015408504182697 0.9012851401402497
8.828125 0.9015187758740153 0.9015187758740153 0.9012639336268656
8.84375 0.9014967768495729 0.9014967768495729 0.9012427982730056
8.859375 0.9014748529653274 0.9014748529653274 0.9012217337278274
8.875 0.9014530038441296 0.9014530038441296 0.9012007396427564
8.890625 0.9014312291113321 0.9014312291113321 0.9011798156714637
8.90625 0.901409528394707 0.901409528394707 0.9011589614698126
8.921875 0.9013879013244711 0.9013879013244711 0.9011381766958929
8.9375 0.9013663475332359 0.9013663475332359 0.9011174610099629
8.953125 0.9013448666560268 0.9013448666560268 0.9010968140744691
8.96875 0.9013234583302263 0.9013234583302263 0.9010762355539901
8.984375 0.9013021221955678 0.9013021221955678 0.9010557251152421
9 0.9012808578941243 0.9012808578941243 0.9010352824270625
9.015625 0.9012596650702849 0.9012596650702849 0.9010149071603931
9.03125 0.9012385433707432 0.9012385433707432 0.9009945989882436
9.046875 0.9012174924444469 0.9012174924444469 0.9009743575857126
9.0625 0.9011965119426315 0.9011965119426315 0.9009541826299465
9.078125 0.9011756015187709 0.9011756015187709 0.9009340738001212
9.09375 0.9011547608285643 0.9011547608285643 0.9009140307774447
9.109375 0.9011339895299011 0.9011339895299011 0.9008940532451191
9.125 0.9011132872828899 0.9011132872828899 0.9008741408883409
9.140625 0.9010926537498049 0.9010926537498049 0.9008542933942936
9.15625 0.9010720885950648 0.9010720885950648 0.9008345104521003
9.171875 0.9010515914852411 0.9010515914852411 0.9008147917528456
9.1875 0.901031162089025 0.901031162089025 0.9007951369895394
9.203125 0.9010108000772178 0.9010108000772178 0.9007755458570949
9.21875 0.9009905051227064 0.9009905051227064 0.9007560180523526
9.234375 0.9009702769004649 0.9009702769004649 0.9007365532740138
9.25 0.9009501150875017 0.9009501150875017 0.900717151222663
9.265625 0.9009300193628922 0.9009300193628922 0.9006978116007476
9.28125 0.900909989407719 0.900909989407719 0.9006785341125505
9.296875 0.9008900249051015 0.9008900249051015 0.9006593184641744
9.3125 0.9008701255401225 0.9008701255401225 0.9006401643635662
9.328125 0.9008502909998815 0.9008502909998815 0.9006210715204629
9.34375 0.900830520973396 0.900830520973396 0.9006020396463656
9.359375 0.9008108151516795 0.9008108151516795 0.9005830684545906
9.375 0.9007911732276607 0.9007911732276607 0.900564157660191
9.390625 0.9007715948961776 0.9007715948961776 0.9005453069799761
9.40625 0.9007520798539977 0.9007520798539977 0.9005265161324919
9.421875 0.9007326277997563 0.9007326277997563 0.9005077848379951
9.4375 0.9007132384339859 0.9007132384339859 0.9004891128184686
9.453125 0.9006939114590647 0.9006939114590647 0.9004704997975874
9.46875 0.900674646579222 0.900674646579222 0.9004519455006893
9.484375 0.9006554435005364 0.9006554435005364 0.9004334496548374
9.5 0.9006363019308767 0.9006363019308767 0.9004150119886917
9.515625 0.9006172215799518 0.9006172215799518 0.9003966322325955
9.53125 0.9005982021592429 0.9005982021592429 0.9003783101185203
9.546875 0.9005792433820106 0.9005792433820106 0.9003600453800594
9.5625 0.9005603449632834 0.9005603449632834 0.9003418377524026
9.578125 0.9005415066198489 0.9005415066198489 0.9003236869723669
9.59375 0.900522728070223 0.900522728070223 0.9003055927783289
9.609375 0.9005040090346662 0.9005040090346662 0.9002875549102656
9.625 0.9004853492351229 0.9004853492351229 0.9002695731096839
9.640625 0.9004667483952593 0.9004667483952593 0.9002516471196786
9.65625 0.9004482062404272 0.9004482062404272 0.9002337766848664
9.671875 0.9004297224976396 0.9004297224976396 0.9002159615513841
9.6875 0.9004112968955955 0.9004112968955955 0.9001982014669049
9.703125 0.9003929291646265 0.9003929291646265 0.9001804961806084
9.71875 0.9003746190366954 0.9003746190366954 0.9001628454431559
9.734375 0.9003563662454074 0.9003563662454074 0.900145249006693
9.75 0.9003381705259755 0.9003381705259755 0.9001277066248783
9.765625 0.9003200316152116 0.9003200316152116 0.9001102180527721
9.78125 0.9003019492515232 0.9003019492515232 0.9000927830469346
9.796875 0.9002839231748856 0.9002839231748856 0.9000754013653512
9.8125 0.9002659531268369 0.9002659531268369 0.9000580727674397
9.828125 0.900248038850493 0.900248038850493 0.9000407970140407
9.84375 0.9002301800904892 0.9002301800904892 0.9000235738673975
9.859375 0.9002123765930039 0.9002123765930039 0.9000064030911723
9.875 0.9001946281057309 0.9001946281057309 0.899989284450402
9.890625 0.9001769343778797 0.9001769343778797 0.899972217711516
9.90625 0.9001592951601505 0.9001592951601505 0.8999552026423043
9.921875 0.9001417102047341 0.9001417102047341 0.8999382390119242
9.9375 0.9001241792652978 0.9001241792652978 0.8999213265908758
9.953125 0.9001067020969777 0.9001067020969777 0.8999044651510153
9.96875 0.9000892784563544 0.9000892784563544 0.8998876544655177
9.984375 0.900071908101466 0.900071908101466 0.8998708943088911
