0.015625 1.000000000000007 0.9815446886998224 0.8985943903483662
0.03125 1.000000000000007 0.9815446886998224 0.8985943903483662
0.046875 1.000000000000007 0.9815446886998224 0.8985943903483662
0.0625 1.000000000000007 0.9815446886998224 0.8985943903483662
0.078125 1.000000000000007 0.9815446886998224 0.8985943903483662
0.09375 1.000000000000006 0.9815446886998284 0.898594390348374
0.109375 1.000000000000009 0.9815446886998234 0.8985943903483663
0.125 1.000000000000003 0.9815446886998035 0.898594390348354
0.140625 0.9999999999954272 0.9815446886995629 0.8985943903481433
0.15625 0.9999999999967014 0.9815446886951481 0.8985943903443104
0.171875 0.9999999999659084 0.9815446886517391 0.8985943903067263
0.1875 0.99999999976293 0.9815446883653779 0.8985943900587284
0.203125 0.9999999987765928 0.9815446869738608 0.8985943888536477
0.21875 0.9999999950060227 0.9815446816543543 0.8985943842468541
0.234375 0.9999999831005626 0.9815446648581716 0.898594369701068
0.25 0.9999999508957035 0.9815446194236677 0.8985943303539473
0.265625 0.9999998741459687 0.9815445111453699 0.8985942365829263
0.28125 0.9999997094651903 0.9815442788140566 0.8985940353795231
0.296875 0.999999385837129 0.9815438222396317 0.8985936399765841
0.3125 0.9999987953527928 0.9815429891822969 0.8985929185293456
0.328125 0.9999977839937875 0.9815415623472477 0.8985916828498086
0.34375 0.9999961432970098 0.9815392476194742 0.8985896782117667
0.359375 0.9999936036243465 0.9815356645573294 0.8985865751055405
0.375 0.9999898295670167 0.9815303398879933 0.8985819635824394
0.390625 0.999984417785847 0.9815227044251985 0.8985753505469861
0.40625 0.9999768973647566 0.9815120935118566 0.8985661600795882
0.421875 0.9999667325635576 0.9814977508203863 0.8985537366374333
0.4375 0.9999533277117081 0.9814788351391931 0.8985373508043399
0.453125 0.9999360338892448 0.9814544296399322 0.898516207144865
0.46875 0.9999141569923075 0.9814235530523505 0.8984894536609674
0.484375 0.9998869667696937 0.9813851721600312 0.8984561923392559
0.5 0.9998537064346095 0.9813382150575314 0.8984154903031911
0.515625 0.9998136024931287 0.9812815846647116 0.8983663911351938
0.53125 0.9997658744799439 0.9812141720658113 0.8983079259984763
0.546875 0.9997097443457547 0.981134869319327 0.8982391242590219
0.5625 0.9996444452954395 0.9810425814638459 0.8981590233791706
0.578125 0.9995692299272455 0.9809362375192129 0.8980666779198395
0.59375 0.9994833775698829 0.9808148003490174 0.8979611675480323
0.609375 0.9993862007549437 0.9806772753084138 0.8978416039965156
0.625 0.9992770507958529 0.9805227176488346 0.8977071369644376
0.640625 0.9991553224724403 0.9803502386904809 0.8975569589805299
0.65625 0.9990204578420161 0.9801590108027409 0.8973903092758692
0.671875 0.9988719492146019 0.9799482712557017 0.8972064767309724
0.6875 0.9987093413417968 0.9797173250210743 0.8970048019740482
0.703125 0.9985322328773665 0.9794655466107887 0.8967846787142256
0.71875 0.9983402771722967 0.979192381047396 0.8965455543962698
0.734375 0.9981331824698915 0.9788973440616946 0.8962869302633373
0.75 0.9979107115668124 0.9785800216123466 0.8960083609113291
0.765625 0.9976726810048135 0.9782400688188805 0.8957094534143176
0.78125 0.9974189598557516 0.9778772083950009 0.8953898660947605
0.796875 0.997149468159345 0.9774912286633589 0.895049307006124
0.8125 0.9968641750694559 0.9770819812266485 0.894687532188937
0.828125 0.9965630967606185 0.9766493783634269 0.8943043437543944
0.84375 0.9962462941423947 0.9761933902101302 0.8938995878434474
0.859375 0.9959138704248602 0.975714041784451 0.8934731525027305
0.875 0.9955659685742475 0.9752114098986321 0.8930249655128482
0.890625 0.995202768693811 0.9746856200053872 0.8925549921992146
0.90625 0.9948244853608575 0.9741368430136118 0.8920632332505662
0.921875 0.9944313649475549 0.9735652921054552 0.8915497225657053
0.9375 0.9940236829491895 0.9729712195821351 0.8910145251452311
0.953125 0.993601741340763 0.9723549137608897 0.8904577350412856
0.96875 0.9931658659796202 0.9717166959423041 0.8898794733754326
0.984375 0.9927164040691269 0.971056917462958 0.8892798864320405
1 0.9922537216961106 0.9703759568460584 0.8886591438321784
1.015625 0.991778201452253 0.9696742170593056 0.8880174367913506
1.03125 0.9912902401479707 0.9689521228873001 0.8873549764624772
1.046875 0.9907902466252423 0.968210118423621 0.8866719923644448
1.0625 0.9902786396744135 0.9674486646856619 0.8859687308953239
1.078125 0.989755846058548 0.9666682373543136 0.8852454539284333
1.09375 0.9892222986475991 0.96586932463861 0.8845024374890497
1.109375 0.988678434663644 0.9650524252648931 0.8837399705085847
1.125 0.9881246940374872 0.9642180465889313 0.882958353653056
1.140625 0.987561517876051 0.9633667028285212 0.8821578982223485
1.15625 0.9869893470391845 0.9624989134137787 0.8813389251164008
1.171875 0.9864086208241599 0.9616152014516416 0.8805017638646491
1.1875 0.9858197757553266 0.9607160923006955 0.8802583039227323
1.203125 0.9852232444761354 0.9598021122523591 0.8800161428712439
1.21875 0.9846194547403552 0.9588737873139653 0.8797703626351772
1.234375 0.9840088284988533 0.9579316420893763 0.879521108531363
1.25 0.9833917810784186 0.9569761987525494 0.8792685247820128
1.265625 0.982768720448541 0.9560079761095153 0.8790127542605151
1.28125 0.9821400465721223 0.9550274887441657 0.878753938261899
1.296875 0.9815061508360762 0.9540352462434175 0.8784922162965724
1.3125 0.9808674155575389 0.9530317524971962 0.8782277259060699
1.328125 0.9802242135614737 0.9520175050689942 0.8779606024994575
1.34375 0.9795769078254725 0.9509929946327462 0.8776909792090829
1.359375 0.9789258511875985 0.9499587044718935 0.8774189867645454
1.375 0.9782713861130711 0.9489151100367571 0.8771447533835051
1.390625 0.9776138445158434 0.9478626785562969 0.8768684046783507
1.40625 0.9769535476309936 0.9468018687007242 0.8765900635774617
1.421875 0.9762908059340999 0.9457331302914046 0.8763098502601144
1.4375 0.9756259191039971 0.9446569040547612 0.8760278821039159
1.453125 0.9749591760250206 0.9435736214168856 0.8757442736438541
1.46875 0.9742908548254771 0.9424837043360639 0.8754591365420261
1.484375 0.9736212229489692 0.9413875651701489 0.8751725795671591
1.5 0.9729505372552523 0.9402856065761536 0.8748847085831044
1.515625 0.9722790441477605 0.9391782214395217 0.874595626545513
1.53125 0.9716069797247503 0.9380657928306539 0.8743054335059764
1.546875 0.9709345699514049 0.9369486939864132 0.8740142266229541
1.5625 0.9702620308503589 0.9358272883144143 0.8737221001787486
1.578125 0.9695895687080944 0.9347019294182927 0.8734291456020773
1.59375 0.968917380295055 0.9335729611417317 0.8731354514955278
1.609375 0.9682456530973077 0.9324407176298579 0.8728411036674274
1.625 0.9675745655577347 0.9313055234060705 0.8725461851676688
1.640625 0.9669042873250516 0.930167693462926 0.8722507763269601
1.65625 0.9662349795087646 0.9290275333655733 0.8719549547991263
1.671875 0.9655667949387375 0.9278853393664048 0.8716587956060688
1.6875 0.9648998784277375 0.9267413985297001 0.8713623711849574
1.703125 0.9642343670358349 0.925595988865109 0.8710657514374254
1.71875 0.9635703903353238 0.924449379468822 0.8707690037803378
1.734375 0.9629080706751769 0.9233018306715752 0.8704721931979449
1.75 0.9622475234441541 0.9221535941923782 0.8701753822951203
1.765625 0.9615888573315029 0.9210049132972883 0.8698786313514065
1.78125 0.9609321745846502 0.9198560229623203 0.8695819983757312
1.796875 0.960277571263242 0.9187071500398509 0.8692855391615364
1.8125 0.9596251374887695 0.9175585134277314 0.8689893073421521
1.828125 0.9589749576894854 0.9164103242406307 0.8686933544462383
1.84375 0.9583271108399787 0.9152627859829737 0.8683977299531731
1.859375 0.9576816706952475 0.9141160947228677 0.8681024813482694
1.875 0.9570387060187874 0.9129704392667946 0.8678076541775668
1.890625 0.9563982808045368 0.9118260013343154 0.8675132921023505
1.90625 0.9557604544924829 0.9106829557326951 0.8672194369529913
1.921875 0.9551252821777747 0.9095414705307777 0.8669261287822377
1.9375 0.9544928148132514 0.9084017072321676 0.8666334059178696
1.953125 0.9538630994052424 0.9072638209470362 0.8663413050144922
1.96875 0.953236179202827 0.9061279605626036 0.8660498611046002
1.984375 0.9526120938802106 0.9049942689118017 0.865759107648746
2 0.9519908797126249 0.90386288294012 0.8654690765848068
2.015625 0.9513725697455738 0.9027339338703514 0.8651797983763052
2.03125 0.9507571939574924 0.901607547365028 0.8648913020597866
2.046875 0.9501447794160972 0.9004838436864891 0.8646036152911569
2.0625 0.9495353504283773 0.8993629378544059 0.8643167643910517
2.078125 0.9489289286843858 0.898244939800643 0.8640307743891342
2.09375 0.9483255333950447 0.8971299545214338 0.8637456690673829
2.109375 0.9477251814239993 0.8960180822266577 0.8634614710023202
2.125 0.9471278874138063 0.8949094184862946 0.8631782016061829
2.140625 0.9465336639064468 0.8938040543739398 0.8628958811670725
2.15625 0.9459425214585604 0.8927020766072464 0.8626145288879947
2.171875 0.945354468751322 0.8916035676855177 0.8623341629249518
2.1875 0.9447695126953553 0.8905086060240774 0.8620548004238999
2.203125 0.9441876585307084 0.8894172660857196 0.8617764575567272
2.21875 0.9436089099220897 0.8883296185090552 0.8614991495562321
2.234375 0.943033269049618 0.8872457302337887 0.8612228907500613
2.25 0.9424607366951875 0.8861656646229569 0.8609476945936826
2.265625 0.9418913123246414 0.885089481582141 0.8606735737023798
2.28125 0.9413249941658453 0.884017237675648 0.8604005398822598
2.296875 0.9407617792830149 0.8829489862397133 0.8601286041603785
2.3125 0.9402016636472136 0.8818847774927183 0.8598577768138753
2.328125 0.9396446422034346 0.8808246586424882 0.8595880673982674
2.34375 0.9390907089341438 0.8797686739906864 0.8593194847748049
2.359375 0.9385398569196926 0.8787168650343644 0.8590520371369647
2.375 0.9379920783955601 0.8776692705646473 0.8587857320361507
2.390625 0.9374473648067101 0.8766259267627406 0.8585205764065009
2.40625 0.9369057068590299 0.8755868672930736 0.8582565765888943
2.421875 0.9363670945681308 0.8745521233938949 0.8579937383542273
2.4375 0.9358315173056022 0.8735217239651411 0.8577320669258595
2.453125 0.9352989638427679 0.8724956956537446 0.8574715670013353
2.46875 0.9347694223921081 0.8714740629364767 0.8572122427733591
2.484375 0.9342428806465853 0.8704568482001843 0.8569540979501276
2.5 0.9337193258166999 0.8694440718197266 0.8566971357748638
2.515625 0.9331987446656272 0.8684357522334372 0.8564413590447882
2.53125 0.9326811235424763 0.8674319060163531 0.8561867701293597
2.546875 0.9321664484136387 0.8664325479511035 0.8559333709879405
2.5625 0.9316547048925874 0.865437691096607 0.8556811631868241
2.578125 0.9311458782678209 0.8644473468546521 0.855430147915643
2.59375 0.9306399535294486 0.8634615250342792 0.8551803260032756
2.609375 0.9301369153942396 0.8624802339142145 0.8549316979330925
2.625 0.9296367483292347 0.8615034803031925 0.8546842638577504
2.640625 0.9291394365741013 0.8605312695984367 0.8544380236133984
2.65625 0.9286449641622073 0.8595636058421477 0.8541929767334243
2.671875 0.9281533149404847 0.8586004917762031 0.853949122461671
2.6875 0.9276644725882408 0.8576419288950237 0.853706459765183
2.703125 0.927178420634813 0.8566879174966943 0.8534649873465137
2.71875 0.9266951424762319 0.8557384567324317 0.853224703655563
2.734375 0.9262146213909904 0.8547935446543404 0.8529856069009921
2.75 0.9257368405548679 0.8538531782615515 0.8527476950612248
2.765625 0.9252617830548248 0.8529173535448948 0.8525109658950281
2.78125 0.9247894319022099 0.852275416951735 0.852275416951735
2.796875 0.924319770045128 0.8520410455810467 0.8520410455810467
2.8125 0.9238527803800408 0.8518078489425065 0.8518078489425065
2.828125 0.9233884457628141 0.8515758240146168 0.8515758240146168
2.84375 0.9229267490188959 0.8513449676035851 0.8513449676035851
2.859375 0.9224676729531619 0.8511152763517734 0.8511152763517734
2.875 0.9220112003588852 0.8508867467458541 0.8508867467458541
2.890625 0.9215573140263529 0.8506593751245634 0.8506593751245634
2.90625 0.9211059967508808 0.8504331576862878 0.8504331576862878
2.921875 0.9206572313403688 0.8502080904962452 0.8502080904962452
2.9375 0.920211000622345 0.8499841694934896 0.8499841694934896
2.953125 0.9197672874505838 0.8497613904975788 0.8497613904975788
2.96875 0.9193260747113479 0.8495397492150345 0.8495397492150345
2.984375 0.9188873453291833 0.8493192412455104 0.8493192412455104
3 0.9184510822723393 0.849099862087758 0.849099862087758
3.015625 0.9180172685579012 0.8488816071453615 0.8488816071453615
3.03125 0.9175858872565117 0.8486644717322206 0.8486644717322206
3.046875 0.917156921496778 0.8484484510778458 0.8484484510778458
3.0625 0.9167303544694758 0.8482335403324379 0.8482335403324379
3.078125 0.9163061694313721 0.848019734571766 0.848019734571766
3.09375 0.915884349708821 0.8478070288018729 0.8478070288018729
3.109375 0.915464878701074 0.8475954179635594 0.8475954179635594
3.125 0.9150477398834334 0.8473848969367402 0.8473848969367402
3.140625 0.9146329168100956 0.8471754605445551 0.8471754605445551
3.15625 0.9142203931168006 0.8469671035574089 0.8469671035574089
3.171875 0.9138101525233546 0.8467598206967841 0.8467598206967841
3.1875 0.9134021788358343 0.8465536066388862 0.8465536066388862
3.203125 0.9129964559487164 0.8463484560182225 0.8463484560182225
3.21875 0.9125929678468149 0.8461443634309649 0.8461443634309649
3.234375 0.9121916986070221 0.8459413234381867 0.8459413234381867
3.25 0.9117926323999436 0.8457393305690066 0.8457393305690066
3.265625 0.911395753491355 0.8455383793235499 0.8455383793235499
3.28125 0.9110010462435744 0.8453384641758395 0.8453384641758395
3.296875 0.910608495116637 0.8451395795765191 0.8451395795765191
3.3125 0.9102180846693932 0.8449417199555098 0.8449417199555098
3.328125 0.9098297995605483 0.8447448797245123 0.8447448797245123
3.34375 0.9094436245494436 0.8445490532794492 0.8445490532794492
3.359375 0.9090595444969006 0.8443542350027569 0.8443542350027569
3.375 0.908677544365868 0.8441604192656167 0.8441604192656167
3.390625 0.9082976092220489 0.8439676004300851 0.8439676004300851
3.40625 0.9079197242343533 0.8437757728511044 0.8437757728511044
3.421875 0.9075438746753763 0.8435849308784766 0.8435849308784766
3.4375 0.9071700459217075 0.8433950688587017 0.8433950688587017
3.453125 0.9067982234542584 0.8432061811367602 0.8432061811367602
3.46875 0.9064283928584425 0.8430182620578457 0.8430182620578457
3.484375 0.9060605398243352 0.8428313059689346 0.8428313059689346
3.5 0.9056946501468015 0.8426453072204114 0.8426453072204114
3.515625 0.9053307097254759 0.842460260167479 0.842460260167479
3.53125 0.9049687045648248 0.8422761591716363 0.8422761591716363
3.546875 0.9046086207740202 0.8420929986020115 0.8420929986020115
3.5625 0.9042504445668682 0.8419107728366397 0.8419107728366397
3.578125 0.9038941622616581 0.8417294762637125 0.8417294762637125
3.59375 0.9035397602809576 0.8415491032827399 0.8415491032827399
3.609375 0.9031872251513996 0.8413696483057002 0.8413696483057002
3.625 0.902836543503422 0.8411911057580496 0.8411911057580496
3.640625 0.9024877020709529 0.8410134700797933 0.8410134700797933
3.65625 0.9021406876910927 0.8408367357264217 0.8408367357264217
3.671875 0.9017954873037802 0.8406608971698285 0.8406608971698285
3.6875 0.90145208795137 0.8404859488992094 0.8404859488992094
3.703125 0.901110476778239 0.8403118854218464 0.8403118854218464
3.71875 0.9007706410303757 0.8401387012639362 0.8401387012639362
3.734375 0.900432568054887 0.8399663909713232 0.8399663909713232
3.75 0.9000962452995481 0.8397949491101981 0.8397949491101981
3.765625 0.8997616603123165 0.8396243702677741 0.8396243702677741
3.78125 0.8994288007407679 0.8394546490529405 0.8394546490529405
3.796875 0.8990976543316266 0.8392857800968193 0.8392857800968193
3.8125 0.8987682089302235 0.8391177580533616 0.8391177580533616
3.828125 0.8984404524798507 0.8389505775999009 0.8389505775999009
3.84375 0.8981143730213026 0.8387842334376052 0.8387842334376052
3.859375 0.897789958692229 0.8386187202919954 0.8386187202919954
3.875 0.8974671977265321 0.8384540329133768 0.8384540329133768
3.890625 0.8971460784538017 0.8382901660772432 0.8382901660772432
3.90625 0.8968265892986805 0.8381271145846908 0.8381271145846908
3.921875 0.896508718780237 0.8379648732627942 0.8379648732627942
3.9375 0.8961924555113363 0.8378034369649019 0.8378034369649019
3.953125 0.8958777881980363 0.8376428005710107 0.8376428005710107
3.96875 0.8955647056388829 0.8374829589880389 0.8374829589880389
3.984375 0.8952531967243149 0.8373239071500949 0.8373239071500949
4 0.8949432504359881 0.8371656400187496 0.8371656400187496
4.015625 0.8946348558461173 0.8370081525832744 0.8370081525832744
4.03125 0.8943280021168335 0.8368514398608322 0.8368514398608322
4.046875 0.8940226784994836 0.8366954968967162 0.8366954968967162
4.0625 0.893718874333995 0.8365403187644948 0.8365403187644948
4.078125 0.8934165790482097 0.8363859005662033 0.8363859005662033
4.09375 0.8931157821571711 0.8362322374324822 0.8362322374324822
4.109375 0.892816473262496 0.8360793245227026 0.8360793245227026
4.125 0.8925186420516901 0.8359271570251017 0.8359271570251017
4.140625 0.8922222782974548 0.8357757301568817 0.8357757301568817
4.15625 0.8919273718570374 0.8356250391643081 0.8356250391643081
4.171875 0.891633912671546 0.8354750793227617 0.8354750793227617
4.1875 0.8913418907652519 0.8353258459368409 0.8353258459368409
4.203125 0.8910512962449734 0.8351773343403927 0.8351773343403927
4.21875 0.8907621192993679 0.8350295398965586 0.8350295398965586
4.234375 0.8904743501982206 0.8348824579978311 0.8348824579978311
4.25 0.8901879792918795 0.8347360840660203 0.8347360840660203
4.265625 0.8899029970104823 0.8345904135523302 0.8345904135523302
4.28125 0.889619393863353 0.8344454419373218 0.8344454419373218
4.296875 0.8893371604383151 0.8343011647309058 0.8343011647309058
4.3125 0.8890562874010334 0.8341575774723462 0.8341575774723462
4.328125 0.8887767654943624 0.8340146757302275 0.8340146757302275
4.34375 0.8884985855376876 0.833872455102426 0.833872455102426
4.359375 0.8882217384262427 0.8337309112160538 0.8337309112160538
4.375 0.887946215130535 0.8335900397274335 0.8335900397274335
4.390625 0.8876720066956048 0.833449836322035 0.833449836322035
4.40625 0.8873991042404479 0.8333102967144118 0.8333102967144118
4.421875 0.8871274989573416 0.8331714166481493 0.8331714166481493
4.4375 0.8868571821112345 0.8330331918957709 0.8330331918957709
4.453125 0.8865881450390845 0.8328956182586785 0.8328956182586785
4.46875 0.8863203791492418 0.8327586915670562 0.8327586915670562
4.484375 0.8860538759208358 0.8326224076797865 0.8326224076797865
4.5 0.8857886269031272 0.8324867624843699 0.8324867624843699
4.515625 0.8855246237149155 0.8323517518967908 0.8323517518967908
4.53125 0.8852618580438919 0.8322173718614543 0.8322173718614543
4.546875 0.8850003216460696 0.8320836183510594 0.8320836183510594
4.5625 0.8847400063451532 0.831950487366482 0.831950487366482
4.578125 0.8844809040319341 0.8318179749366891 0.8318179749366891
4.59375 0.8842230066636876 0.831686077118577 0.831686077118577
4.609375 0.8839663062636278 0.8315547899968989 0.8315547899968989
4.625 0.8837107949202431 0.8314241096840773 0.8314241096840773
4.640625 0.8834564647867843 0.8312940323201508 0.8312940323201508
4.65625 0.8832033080806103 0.8311645540725914 0.8311645540725914
4.671875 0.8829513170826869 0.8310356711361743 0.8310356711361743
4.6875 0.8827004841369573 0.8309073797328732 0.8309073797328732
4.703125 0.882450801649814 0.8307796761116909 0.8307796761116909
4.71875 0.8822022620894933 0.830652556548522 0.830652556548522
4.734375 0.881954857985577 0.830526017346052 0.830526017346052
4.75 0.881708581928372 0.8304000548335215 0.8304000548335215
4.765625 0.8814634265684039 0.8302746653666989 0.8302746653666989
4.78125 0.8812193846158778 0.8301498453276231 0.8301498453276231
4.796875 0.8809764488400919 0.8300255911245323 0.8300255911245323
4.8125 0.880734612068942 0.8299018991916615 0.8299018991916615
4.828125 0.8804938671883841 0.8297787659891338 0.8297787659891338
4.84375 0.8802542071418954 0.8296561880027626 0.8296561880027626
4.859375 0.8800156249299608 0.8295341617439285 0.8295341617439285
4.875 0.8797781136095462 0.829412683749405 0.829412683749405
4.890625 0.8795416662935879 0.8292917505812295 0.8292917505812295
4.90625 0.8793062761505146 0.8291713588265076 0.8291713588265076
4.921875 0.8790719364036685 0.8290515050972798 0.8290515050972798
4.9375 0.8788386403308742 0.8289321860303575 0.8289321860303575
4.953125 0.8786063812639239 0.8288133982871713 0.8288133982871713
4.96875 0.8783751525880636 0.8286951385535791 0.8286951385535791
4.984375 0.8781449477415534 0.8285774035397605 0.8285774035397605
5 0.8779157602151139 0.8284601899799945 0.8284601899799945
5.015625 0.8776875835515175 0.8283434946325413 0.8283434946325413
5.03125 0.8774604113450759 0.8282273142794749 0.8282273142794749
5.046875 0.8772342372411805 0.8281116457264994 0.8281116457264994
5.0625 0.8770090549358289 0.827996485802813 0.827996485802813
5.078125 0.8767848581751808 0.8278818313609272 0.8278818313609272
5.09375 0.8765616407550818 0.8277676792765268 0.8277676792765268
5.109375 0.8763393965206343 0.8276540264482809 0.8276540264482809
5.125 0.8761181193657195 0.8275408697976955 0.8275408697976955
5.140625 0.8758978032325663 0.8274282062689671 0.8274282062689671
5.15625 0.87567844211132 0.8273160328287855 0.8273160328287855
5.171875 0.8754600300395928 0.8272043464662134 0.8272043464662134
5.1875 0.8752425611020372 0.8270931441924823 0.8270931441924823
5.203125 0.8750260294299277 0.826982423040883 0.826982423040883
5.21875 0.8748104292007077 0.8268721800665437 0.8268721800665437
5.234375 0.8745957546376016 0.8267624123463296 0.8267624123463296
5.25 0.8743820000091906 0.8266531169786591 0.8266531169786591
5.265625 0.8741691596289702 0.8265442910833315 0.8265442910833315
5.28125 0.8739572278549962 0.8264359318013764 0.8264359318013764
5.296875 0.8737461990894302 0.8263280362949165 0.8263280362949165
5.3125 0.8735360677781676 0.8262206017469854 0.8262206017469854
5.328125 0.8733268284104349 0.8261136253613833 0.8261136253613833
5.34375 0.8731184755183951 0.8260071043625109 0.8260071043625109
5.359375 0.8729110036767427 0.8259010359952202 0.8259010359952202
5.375 0.8727044075023643 0.8257954175246727 0.8257954175246727
5.390625 0.8724986816538951 0.8256902462361543 0.8256902462361543
5.40625 0.8722938208314019 0.8255855194349444 0.8255855194349444
5.421875 0.8720898197759394 0.8254812344461622 0.8254812344461622
5.4375 0.8718866732692584 0.8253773886146124 0.8253773886146124
5.453125 0.8716843761333802 0.8252739793046104 0.8252739793046104
5.46875 0.8714829232302594 0.8251710038998886 0.8251710038998886
5.484375 0.8712823094614052 0.8250684598033808 0.8250684598033808
5.5 0.8710825297675289 0.8249663444371059 0.8249663444371059
5.515625 0.8708835791282338 0.8248646552420369 0.8248646552420369
5.53125 0.8706854525615915 0.8247633896779014 0.8247633896779014
5.546875 0.8704881451238524 0.8246625452230996 0.8246625452230996
5.5625 0.8702916519090695 0.8245621193744959 0.8245621193744959
5.578125 0.8700959680487829 0.8244621096473165 0.8244621096473165
5.59375 0.8699010887116598 0.8243625135750021 0.8243625135750021
5.609375 0.8697070091032161 0.8242633287090291 0.8242633287090291
5.625 0.8695137244653864 0.8241645526188138 0.8241645526188138
5.640625 0.8693212300762851 0.8240661828915403 0.8240661828915403
5.65625 0.8691295212498631 0.8239682171320316 0.8239682171320316
5.671875 0.868938593335562 0.8238706529625999 0.8238706529625999
5.6875 0.8687484417180089 0.8237734880229173 0.8237734880229173
5.703125 0.868559061816732 0.8236767199698842 0.8236767199698842
5.71875 0.8683704490857832 0.8235803464774684 0.8235803464774684
5.734375 0.8681825990135293 0.8234843652365993 0.8234843652365993
5.75 0.867995507122215 0.8233887739549993 0.8233887739549993
5.765625 0.8678091689678097 0.8232935703570846 0.8232935703570846
5.78125 0.8676235801395827 0.8231987521837932 0.8231987521837932
5.796875 0.8674387362598648 0.823104317192496 0.823104317192496
5.8125 0.8672546329837776 0.8230102631568238 0.8230102631568238
5.828125 0.8670712659988653 0.8229165878665639 0.8229165878665639
5.84375 0.8668886310249111 0.8228232891275216 0.8228232891275216
5.859375 0.8667067238135457 0.8227303647613934 0.8227303647613934
5.875 0.8665255401480547 0.8226378126056271 0.8226378126056271
5.890625 0.8663450758430488 0.8225456305133079 0.8225456305133079
5.90625 0.8661653267441862 0.8224538163530366 0.8224538163530366
5.921875 0.865986288727925 0.8223623680087871 0.8223623680087871
5.9375 0.8658079577012519 0.8222712833797998 0.8222712833797998
5.953125 0.8656303296013808 0.8221805603804591 0.8221805603804591
5.96875 0.8654534003955182 0.822090196940126 0.822090196940126
5.984375 0.8652771660805946 0.8220001910030987 0.8220001910030987
6 0.8651016226829791 0.8219105405284125 0.8219105405284125
6.015625 0.8649267662582831 0.8218212434897733 0.8218212434897733
6.03125 0.8647525928910221 0.8217322978754048 0.8217322978754048
6.046875 0.8645790986944158 0.8216437016879699 0.8216437016879699
6.0625 0.8644062798101352 0.8215554529444041 0.8215554529444041
6.078125 0.8642341324080439 0.8214675496758339 0.8214675496758339
6.09375 0.8640626526859335 0.8213799899274665 0.8213799899274665
6.109375 0.8638918368693339 0.8212927717584277 0.8212927717584277
6.125 0.8637216812112118 0.8212058932417259 0.8212058932417259
6.140625 0.8635521819917673 0.8211193524640675 0.8211193524640675
6.15625 0.8633833355182005 0.8210331475257886 0.8210331475257886
6.171875 0.8632151381244555 0.820947276540718 0.820947276540718
6.1875 0.8630475861709933 0.8208617376360956 0.8208617376360956
6.203125 0.8628806760445988 0.8207765289524437 0.8207765289524437
6.21875 0.8627144041580788 0.8206916486434515 0.8206916486434515
6.234375 0.8625487669501408 0.8206070948758921 0.8206070948758921
6.25 0.862383760885043 0.820522865829508 0.820522865829508
6.265625 0.8622193824525066 0.8204389596969067 0.8204389596969067
6.28125 0.8620556281673905 0.8203553746834265 0.8203553746834265
6.296875 0.8618924945695354 0.8202721090070764 0.8202721090070764
6.3125 0.8617299782235474 0.8201891608984253 0.8201891608984253
6.328125 0.8615680757185308 0.8201065286004685 0.8201065286004685
6.34375 0.8614067836679544 0.8200242103685609 0.8200242103685609
6.359375 0.8612460987093873 0.8199422044703032 0.8199422044703032
6.375 0.8610860175043297 0.8198605091854476 0.8198605091854476
6.390625 0.8609265367379558 0.8197791228057817 0.8197791228057817
6.40625 0.8607676531189965 0.8196980436350536 0.8196980436350536
6.421875 0.8606093633794534 0.8196172699888875 0.8196172699888875
6.4375 0.8604516642744537 0.8195368001946233 0.8195368001946233
6.453125 0.8602945525820335 0.8194566325912844 0.8194566325912844
6.46875 0.860138025102948 0.8193767655294762 0.8193767655294762
6.484375 0.8599820786604778 0.8192971973712613 0.8192971973712613
6.5 0.8598267101002516 0.8192179264900877 0.8192179264900877
6.515625 0.8596719162900099 0.8191389512707028 0.8191389512707028
6.53125 0.8595176941195036 0.8190602701090371 0.8190602701090371
6.546875 0.859364040500212 0.8189818814121547 0.8189818814121547
6.5625 0.8592109523652415 0.818903783598107 0.818903783598107
6.578125 0.8590584266690902 0.8188259750958998 0.8188259750958998
6.59375 0.8589064603874714 0.818748454345361 0.818748454345361
6.609375 0.8587550505171823 0.8186712197971008 0.8186712197971008
6.625 0.8586041940758832 0.8185942699123571 0.8185942699123571
6.640625 0.8584538881019224 0.8185176031629876 0.8185176031629876
6.65625 0.8583041296541833 0.8184412180313205 0.8184412180313205
6.671875 0.8581549158119072 0.8183651130100994 0.8183651130100994
6.6875 0.8580062436745237 0.818289286602413 0.818289286602413
6.703125 0.8578581103614766 0.8182137373215724 0.8182137373215724
6.71875 0.8577105130120459 0.8181384636910599 0.8181384636910599
6.734375 0.8575634487852302 0.8180634642444328 0.8180634642444328
6.75 0.8574169148595202 0.8179887375252773 0.8179887375252773
6.765625 0.8572709084327791 0.8179142820870523 0.8179142820870523
6.78125 0.8571254267220878 0.8178400964930894 0.8178400964930894
6.796875 0.8569804669635249 0.8177661793164746 0.8177661793164746
6.8125 0.8568360264121013 0.8176925291399694 0.8176925291399694
6.828125 0.8566921023415217 0.8176191445559482 0.8176191445559482
6.84375 0.8565486920440858 0.8175460241663097 0.8175460241663097
6.859375 0.8564057928304929 0.8174731665824108 0.8174731665824108
6.875 0.8562634020297363 0.8174005704249762 0.8174005704249762
6.890625 0.856121516988912 0.8173282343240463 0.8173282343240463
6.90625 0.855980135073092 0.8172561569188704 0.8172561569188704
6.921875 0.8558392536651744 0.8171843368578755 0.8171843368578755
6.9375 0.8556988701657274 0.8171127727985471 0.8171127727985471
6.953125 0.8555589819928605 0.8170414634073985 0.8170414634073985
6.96875 0.8554195865820656 0.8169704073598664 0.8169704073598664
6.984375 0.8552806813861 0.8168996033402638 0.8168996033402638
7 0.8551422638747941 0.8168290500417028 0.8168290500417028
7.015625 0.8550043315349904 0.8167587461660052 0.8167587461660052
7.03125 0.8548668818703344 0.8166886904236653 0.8166886904236653
7.046875 0.8547299124011772 0.8166188815337625 0.8166188815337625
7.0625 0.8545934206644122 0.8165493182238951 0.8165493182238951
7.078125 0.8544574042133866 0.8164799992301207 0.8164799992301207
7.09375 0.8543218606177148 0.8164109232968677 0.8164109232968677
7.109375 0.854186787463185 0.8163420891769096 0.8163420891769096
7.125 0.8540521823516063 0.816273495631249 0.816273495631249
7.140625 0.8539180429007102 0.8162051414290984 0.8162051414290984
7.15625 0.8537843667439827 0.8161370253477811 0.8161370253477811
7.171875 0.8536511515305431 0.8160691461726897 0.8160691461726897
7.1875 0.8535183949250885 0.8160015026972159 0.8160015026972159
7.203125 0.8533860946076461 0.815934093722684 0.815934093722684
7.21875 0.8532542482735586 0.8158669180582873 0.8158669180582873
7.234375 0.8531228536333055 0.8157999745210305 0.8157999745210305
7.25 0.8529919084124011 0.815733261935683 0.815733261935683
7.265625 0.8528614103512719 0.8156667791346807 0.8156667791346807
7.28125 0.8527313572051455 0.815600524958105 0.815600524958105
7.296875 0.8526017467438968 0.8155344982536059 0.8155344982536059
7.3125 0.8524725767519915 0.8154686978763296 0.8154686978763296
7.328125 0.8523438450283184 0.8154031226888921 0.8154031226888921
7.34375 0.8522155493861062 0.8153377715612976 0.8153377715612976
7.359375 0.8520876876527883 0.8152726433708816 0.8152726433708816
7.375 0.8519602576698918 0.8152077370022581 0.8152077370022581
7.390625 0.8518332572929757 0.8151430513472846 0.8151430513472846
7.40625 0.8517066843914485 0.8150785853049453 0.8150785853049453
7.421875 0.851580536848475 0.8150143377813807 0.8150143377813807
7.4375 0.8514548125609295 0.8149503076897545 0.8149503076897545
7.453125 0.8513295094391996 0.8148864939502417 0.8148864939502417
7.46875 0.8512046254071471 0.814822895489976 0.814822895489976
7.484375 0.8510801584019813 0.8147595112429712 0.8147595112429712
7.5 0.8509561063741352 0.8146963401500826 0.8146963401500826
7.515625 0.8508324672871883 0.8146333811589663 0.8146333811589663
7.53125 0.8507092391177592 0.8145706332239936 0.8145706332239936
7.546875 0.850586419855391 0.8145080953062382 0.8145080953062382
7.5625 0.8504640075024567 0.8144457663733964 0.8144457663733964
7.578125 0.8503420000740766 0.8143836453997457 0.8143836453997457
7.59375 0.8502203955979883 0.8143217313660996 0.8143217313660996
7.609375 0.8500991921144756 0.814260023259752 0.814260023259752
7.625 0.8499783876762568 0.8141985200744161 0.8141985200744161
7.640625 0.849857980348393 0.8141372208102138 0.8141372208102138
7.65625 0.8497379682081923 0.8140761244735735 0.8140761244735735
7.671875 0.8496183493451216 0.8140152300772291 0.8140152300772291
7.6875 0.8494991218606909 0.8139545366401251 0.8139545366401251
7.703125 0.8493802838683986 0.8138940431874326 0.8138940431874326
7.71875 0.8492618334936047 0.8138337487504325 0.8138337487504325
7.734375 0.8491437688734539 0.8137736523665232 0.8137736523665232
7.75 0.8490260881567688 0.8137137530791437 0.8137137530791437
7.765625 0.8489087895040065 0.8136540499377308 0.8136540499377308
7.78125 0.8487918710871205 0.8135945419976973 0.8135945419976973
7.796875 0.848675331089487 0.8135352283203571 0.8135352283203571
7.8125 0.8485591677058386 0.8134761079728883 0.8134761079728883
7.828125 0.8484433791421405 0.8134171800283063 0.8134171800283063
7.84375 0.8483279636155302 0.8133584435653994 0.8133584435653994
7.859375 0.8482129193542539 0.8132998976686913 0.8132998976686913
7.875 0.8480982445975167 0.813241541428408 0.813241541428408
7.890625 0.8479839375954731 0.8131833739404059 0.8131833739404059
7.90625 0.847869996609079 0.813125394306184 0.813125394306184
7.921875 0.847756419910069 0.8130676016327726 0.8130676016327726
7.9375 0.8476432057808347 0.813009995032754 0.813009995032754
7.953125 0.8475303525143538 0.8129525736241796 0.8129525736241796
7.96875 0.8474178584141172 0.8128953365305346 0.8128953365305346
7.984375 0.8473057217940477 0.8128382828807288 0.8128382828807288
8 0.8471939409784308 0.8127814118090183 0.8127814118090183
8.015625 0.8470825143018023 0.8127247224549851 0.8127247224549851
8.03125 0.8469714401089092 0.8128778663045528 0.8126682139634863
8.046875 0.8468607167546212 0.8131452235044601 0.8126118854846314
8.0625 0.8467503426038497 0.8134118412594283 0.8125557361737324
8.078125 0.8466403160314786 0.8136777224914097 0.8124997651912539
8.09375 0.8465306354222871 0.8139428701081285 0.8124439717028059
8.109375 0.8464212991708807 0.8142072870031534 0.8123883548790732
8.125 0.8463123056816046 0.8144709760559931 0.8123329138957942
8.140625 0.8462036533684817 0.8147339401321277 0.8122776479337255
8.15625 0.8460953406551597 0.8149961820831467 0.8122225561785973
8.171875 0.8459873659747935 0.8152577047467509 0.8121676378210813
8.1875 0.8458797277700253 0.8155185109468859 0.8121128920567495
8.203125 0.8457724244928743 0.8157786034937622 0.8120583180860427
8.21875 0.8456654546046837 0.8160379851839726 0.8120039151142494
8.234375 0.8455588165760746 0.8162966588005388 0.8119496823514266
8.25 0.8454525088868245 0.8165546271129908 0.811895619012405
8.265625 0.8453465300258421 0.8168118928774243 0.8118417243167479
8.28125 0.8452408784911091 0.8170684588365954 0.811787997488709
8.296875 0.8451355527895656 0.8173243277199823 0.8117344377571929
8.3125 0.8450305514370873 0.8175795022438349 0.8116810443557271
8.328125 0.8449258729583973 0.8178339851112862 0.8116278165224384
8.34375 0.8448215158870249 0.8180877790123789 0.8115747535000061
8.359375 0.8447174787652041 0.8183408866241618 0.811521854535633
8.375 0.8446137601438563 0.8185933106107465 0.8114691188809962
8.390625 0.8445103585824764 0.8188450536233991 0.8114165457922602
8.40625 0.8444072726491099 0.8190961183005603 0.8113641345299971
8.421875 0.844304500920298 0.819346507267968 0.8113118843591784
8.4375 0.8442020419809541 0.8195962231386935 0.8112597945491286
8.453125 0.8440998944243711 0.8198452685132028 0.8112078643735141
8.46875 0.8439980568521386 0.82009364597946 0.8111560931102935
8.484375 0.843896527874067 0.8203413581129438 0.811104480041694
8.5 0.8437953061081286 0.8205884074767817 0.8110530244541789
8.515625 0.8436943901804523 0.8208347966217248 0.8110017256384215
8.53125 0.8435937787251717 0.8210805280863158 0.8109505828892789
8.546875 0.8434934703844624 0.8213256043968522 0.810899595505739
8.5625 0.8433934638084064 0.8215700280675446 0.8108487627909198
8.578125 0.8432937576549852 0.8218138016005204 0.8107980840520111
8.59375 0.8431943505900117 0.8220569274859101 0.810747558600276
8.609375 0.8430952412870671 0.8222994082019024 0.8106971857510098
8.625 0.8429964284274369 0.8225412462148328 0.8106469648235018
8.640625 0.8428979107000945 0.8227824439792161 0.8105968951409984
8.65625 0.8427996868015809 0.8230230039378235 0.81054697603071
8.671875 0.842701755436012 0.8232629285217355 0.8104972068237672
8.6875 0.8426041153150181 0.8235022201504328 0.8104475868551724
8.703125 0.8425067651576456 0.8237408812318368 0.8103981154637805
8.71875 0.8424097036903438 0.8239789141623737 0.8103487919923124
8.734375 0.8423129296469037 0.8242163213270119 0.8102996157872673
8.75 0.8422164417684005 0.8244531050993859 0.81025058619893
8.765625 0.8421202388031528 0.8246892678417946 0.8102017025813369
8.78125 0.842024319506659 0.8249248119053102 0.8101529642922685
8.796875 0.8419286826415583 0.8251597396297893 0.810104370693165
8.8125 0.8418333269775654 0.8253940533439788 0.810055921149185
8.828125 0.8417382512914328 0.8256277553655459 0.8100076150291019
8.84375 0.8416434543669206 0.8258608480011644 0.8099594517053362
8.859375 0.8415489349946815 0.8260933335465407 0.8099114305538775
8.875 0.8414546919722928 0.8263252142864871 0.8098635509543103
8.890625 0.8413607241041499 0.8265564924950097 0.8098158122897643
8.90625 0.8412670302014624 0.8267871704353188 0.8097682139468694
8.921875 0.8411736090821581 0.827017250359899 0.8097207553157795
8.9375 0.8410804595708913 0.8272467345106096 0.8096734357901072
8.953125 0.8409875804989427 0.8274756251186701 0.8096262547669208
8.96875 0.8408949707042017 0.8277039244047972 0.809579211646689
8.984375 0.8408026290311372 0.8279316345791728 0.8095323058333256
9 0.8407105543307075 0.8281587578415965 0.8094855367340826
9.015625 0.8406187454603407 0.8283852963814538 0.8094389037595868
9.03125 0.8405272012839171 0.8286112523778351 0.8093924063237972
9.046875 0.8404359206716571 0.8288366279995553 0.8093460438439577
9.0625 0.8403449025001332 0.8290614254052262 0.8092998157406249
9.078125 0.8402541456522218 0.829285646743305 0.8092537214375931
9.09375 0.8401636490170332 0.8295092941521461 0.809207760361922
9.109375 0.8400734114898853 0.8297323697600723 0.8091619319438673
9.125 0.8399834319722478 0.8299548756854107 0.8091162356168874
9.140625 0.8398937093717441 0.8301768140365373 0.8090706708176197
9.15625 0.8398042426020464 0.8303981869119695 0.8090252369858467
9.171875 0.8397150305828582 0.830618996400377 0.8089799335644746
9.1875 0.8396260722399077 0.8308392445806646 0.8089347599995342
9.203125 0.83953736650485 0.8310589335220032 0.8088897157401344
9.21875 0.8394489123152875 0.8312780652838948 0.8088448002384448
9.234375 0.8393607086146572 0.8314966419162302 0.8088000129496982
9.25 0.8392727543522513 0.8317146654593246 0.808755353332133
9.265625 0.8391850484831517 0.8319321379439765 0.8087108208470088
9.28125 0.8390975899682069 0.8321490613915167 0.8086664149585333
9.296875 0.8390103777739667 0.8323654378138703 0.8086221351339377
9.3125 0.8389234108726565 0.8325812692135962 0.8085779808433379
9.328125 0.838836688242154 0.8327965575839289 0.8085339515598112
9.34375 0.8387502088659363 0.833011304908859 0.8084900467593202
9.359375 0.8386639717330239 0.8332255131631399 0.808446265920714
9.375 0.8385779758379858 0.8334391843123841 0.8084026085257131
9.390625 0.8384922201808734 0.8336523203130808 0.8083590740588753
9.40625 0.8384067037671804 0.8338649231126373 0.8083156620075925
9.421875 0.8383214256078352 0.8340769946494722 0.808272371862054
9.4375 0.8382363847191105 0.8342885368530236 0.8082292031152488
9.453125 0.838151580122665 0.8344995516437945 0.80818615526292
9.46875 0.8380670108454326 0.8347100409334347 0.8081432278035716
9.484375 0.8379826759196302 0.8349200066247613 0.8081004202384432
9.5 0.837898574382709 0.835129450611816 0.8080577320714885
9.515625 0.8378147052773318 0.835338374779905 0.8080151628093458
9.53125 0.837731067651309 0.8355467810056459 0.8079727119613435
9.546875 0.8376476605575871 0.8357546711570448 0.8079303790394599
9.5625 0.8375644830542347 0.8359620470934754 0.8078881635583305
9.578125 0.8374815342043648 0.8361689106658207 0.8078460650351991
9.59375 0.8373988130761151 0.8363752637164097 0.8078040829899301
9.609375 0.8373163187426478 0.8365811080791435 0.8077622169449744
9.625 0.837234050282058 0.8367864455795162 0.8077204664253504
9.640625 0.8371520067773882 0.8369912780346574 0.8076788309586297
9.65625 0.8371956072533751 0.8370701873165897 0.8076373100749497
9.671875 0.8373994350362024 0.836988590992476 0.8075959033069433
9.6875 0.8376027631754334 0.836907216902677 0.8075546101897506
9.703125 0.8378055934552016 0.8368260641496531 0.8075134302610136
9.71875 0.8380079276514764 0.8367451318406224 0.8074723630608355
9.734375 0.8382097675321211 0.8366644190875473 0.8074314081317893
9.75 0.8384111148569815 0.8365839250070934 0.8073905650188752
9.765625 0.8386119713778466 0.836503648720613 0.8073498332695209
9.78125 0.8388123388385608 0.8364235893541164 0.8073092124335778
9.796875 0.8390122189750339 0.8363437460382094 0.807268702063267
9.8125 0.8392116135152916 0.8362641179081006 0.8072283017132029
9.828125 0.8394105241795244 0.8361847041035492 0.8071880109403556
9.84375 0.8396089526800984 0.8361055037688585 0.8071478293040431
9.859375 0.8398069007216464 0.8360265160528172 0.8071077563659125
9.875 0.8400043700010654 0.835947740108678 0.8070677916899347
9.890625 0.8402013622075785 0.8358691750941526 0.807027934842362
9.90625 0.8403978790227821 0.8357908201713502 0.8069881853917599
9.921875 0.8405939221206676 0.8357126745067803 0.8069485429089478
9.9375 0.8407894931676713 0.8356347372712891 0.8069090069669965
9.953125 0.8409845938227033 0.8355570076400686 0.8068695771412395
9.96875 0.8411792257372268 0.8354794847925812 0.8068302530092176
9.984375 0.8413733905552315 0.8354021679126048 0.8067910341506928
