0.015625 1 0.9964 0.972435
0.03125 1 0.9964 0.972435
0.046875 1 0.9964 0.972435
0.0625 1 0.9964 0.972435
0.078125 1 0.9964 0.972435
0.09375 1 0.9964 0.972435
0.109375 1 0.9964 0.972435
0.125 1 0.9964 0.972435
0.140625 1 0.9964 0.972435
0.15625 1 0.9964 0.972435
0.171875 1 0.9964 0.972435
0.1875 1 0.9964 0.972435
0.203125 1 0.9964 0.972435
0.21875 1 0.9964 0.972435
0.234375 1 0.9964 0.972435
0.25 1 0.9964 0.972435
0.265625 1 0.9964 0.972435
0.28125 1 0.9964 0.972434
0.296875 0.999999 0.9964 0.972434
0.3125 0.999999 0.996399 0.972434
0.328125 0.999998 0.996398 0.972433
0.34375 0.999997 0.996396 0.972431
0.359375 0.999995 0.996393 0.972429
0.375 0.999992 0.996389 0.972426
0.390625 0.999987 0.996383 0.972422
0.40625 0.999981 0.996375 0.972415
0.421875 0.999972 0.996364 0.972407
0.4375 0.999961 0.99635 0.972396
0.453125 0.999947 0.996331 0.972381
0.46875 0.999929 0.996307 0.972363
0.484375 0.999906 0.996278 0.97234
0.5 0.999879 0.996242 0.972312
0.515625 0.999845 0.996198 0.972279
0.53125 0.999806 0.996147 0.972239
0.546875 0.999759 0.996086 0.972191
0.5625 0.999705 0.996015 0.972136
0.578125 0.999643 0.995933 0.972073
0.59375 0.999573 0.99584 0.972
0.609375 0.999493 0.995735 0.971918
0.625 0.999403 0.995617 0.971826
0.640625 0.999303 0.995485 0.971722
0.65625 0.999192 0.995339 0.971607
0.671875 0.999071 0.995178 0.97148
0.6875 0.998938 0.995001 0.97134
0.703125 0.998794 0.994809 0.971188
0.71875 0.998639 0.994601 0.971021
0.734375 0.998471 0.994377 0.970841
0.75 0.998292 0.994135 0.970647
0.765625 0.998101 0.993877 0.970438
0.78125 0.997898 0.993602 0.970214
0.796875 0.997684 0.99331 0.969975
0.8125 0.997458 0.993001 0.96972
0.828125 0.99722 0.992674 0.969449
0.84375 0.996972 0.99233 0.969162
0.859375 0.996712 0.99197 0.968859
0.875 0.996442 0.991593 0.96854
0.890625 0.996162 0.991199 0.968204
0.90625 0.995871 0.990789 0.967851
0.921875 0.995572 0.990362 0.967481
0.9375 0.995263 0.98992 0.967095
0.953125 0.994946 0.989462 0.966691
0.96875 0.99462 0.98899 0.966271
0.984375 0.994287 0.988502 0.965833
1 0.993947 0.988 0.965379
1.01562 0.9936 0.987484 0.964908
1.03125 0.993247 0.986955 0.96442
1.04688 0.992888 0.986413 0.963915
1.0625 0.992523 0.985858 0.963393
1.07812 0.992154 0.985291 0.962855
1.09375 0.991781 0.984712 0.9623
1.10938 0.991403 0.984123 0.96173
1.125 0.991022 0.983522 0.961143
1.14062 0.990639 0.982911 0.96054
1.15625 0.990252 0.982291 0.959922
1.17188 0.989863 0.981661 0.959289
1.1875 0.989473 0.981023 0.958641
1.20312 0.98908 0.980376 0.957978
1.21875 0.988687 0.979722 0.957301
1.23438 0.988292 0.97906 0.956609
1.25 0.987897 0.978391 0.955904
1.26562 0.987502 0.977716 0.955186
1.28125 0.987106 0.977034 0.954455
1.29688 0.986711 0.976347 0.953712
1.3125 0.986316 0.975655 0.952956
1.32812 0.985921 0.974958 0.952188
1.34375 0.985527 0.974257 0.95141
1.35938 0.985134 0.973552 0.95062
1.375 0.984742 0.972843 0.94982
1.39062 0.984351 0.972131 0.94901
1.40625 0.983961 0.971416 0.94819
1.42188 0.983572 0.970698 0.947361
1.4375 0.983185 0.969978 0.946588
1.45312 0.982799 0.969256 0.946376
1.46875 0.982415 0.968533 0.946164
1.48438 0.982032 0.967808 0.945952
1.5 0.981651 0.967082 0.945739
1.51562 0.981272 0.966355 0.945525
1.53125 0.980894 0.965628 0.945311
1.54688 0.980519 0.9649 0.945097
1.5625 0.980145 0.964172 0.944883
1.57812 0.979773 0.963445 0.944668
1.59375 0.979402 0.962717 0.944453
1.60938 0.979034 0.96199 0.944238
1.625 0.978667 0.961264 0.944022
1.64062 0.978302 0.960539 0.943807
1.65625 0.97794 0.959815 0.943592
1.67188 0.977579 0.959092 0.943377
1.6875 0.977219 0.95837 0.943162
1.70312 0.976862 0.95765 0.942947
1.71875 0.976507 0.956932 0.942733
1.73438 0.976153 0.956215 0.942518
1.75 0.975802 0.9555 0.942304
1.76562 0.975452 0.954787 0.94209
1.78125 0.975104 0.954076 0.941877
1.79688 0.974758 0.953368 0.941664
1.8125 0.974413 0.952661 0.941451
1.82812 0.974071 0.951958 0.941238
1.84375 0.97373 0.951256 0.941027
1.85938 0.973391 0.950557 0.940815
1.875 0.973054 0.949861 0.940604
1.89062 0.972719 0.949167 0.940394
1.90625 0.972386 0.948476 0.940184
1.92188 0.972054 0.947788 0.939975
1.9375 0.971724 0.947103 0.939766
1.95312 0.971395 0.94642 0.939558
1.96875 0.971069 0.945741 0.93935
1.98438 0.970744 0.945064 0.939143
2 0.970421 0.94439 0.938937
2.01562 0.9701 0.94372 0.938731
2.03125 0.96978 0.943052 0.938526
2.04688 0.969462 0.942388 0.938322
2.0625 0.969145 0.941726 0.938119
2.07812 0.968831 0.941068 0.937916
2.09375 0.968518 0.940413 0.937714
2.10938 0.968206 0.939761 0.937512
2.125 0.967897 0.939112 0.937312
2.14062 0.967588 0.938466 0.937112
2.15625 0.967282 0.937824 0.936913
2.17188 0.966977 0.937185 0.936714
2.1875 0.966674 0.936549 0.936517
2.20312 0.966372 0.93632 0.93632
2.21875 0.966072 0.936124 0.936124
2.23438 0.965773 0.935928 0.935928
2.25 0.965476 0.935734 0.935734
2.26562 0.965181 0.93554 0.93554
2.28125 0.964887 0.935347 0.935347
2.29688 0.964594 0.935155 0.935155
2.3125 0.964304 0.934964 0.934964
2.32812 0.964014 0.934774 0.934774
2.34375 0.963726 0.934584 0.934584
2.35938 0.96344 0.934395 0.934395
2.375 0.963155 0.934207 0.934207
2.39062 0.962872 0.93402 0.93402
2.40625 0.96259 0.933834 0.933834
2.42188 0.96231 0.933648 0.933648
2.4375 0.962031 0.933464 0.933464
2.45312 0.961753 0.93328 0.93328
2.46875 0.961477 0.933097 0.933097
2.48438 0.961203 0.932915 0.932915
2.5 0.96093 0.932734 0.932734
2.51562 0.960658 0.932553 0.932553
2.53125 0.960388 0.932373 0.932373
2.54688 0.960119 0.932195 0.932195
2.5625 0.959851 0.932017 0.932017
2.57812 0.959585 0.931839 0.931839
2.59375 0.95932 0.931663 0.931663
2.60938 0.959057 0.931488 0.931488
2.625 0.958795 0.931313 0.931313
2.64062 0.958534 0.931139 0.931139
2.65625 0.958275 0.930966 0.930966
2.67188 0.958017 0.930794 0.930794
2.6875 0.957761 0.930623 0.930623
2.70312 0.957505 0.930452 0.930452
2.71875 0.957252 0.930282 0.930282
2.73438 0.956999 0.930113 0.930113
2.75 0.956748 0.929945 0.929945
2.76562 0.956498 0.929778 0.929778
2.78125 0.956249 0.929612 0.929612
2.79688 0.956002 0.929446 0.929446
2.8125 0.955756 0.929281 0.929281
2.82812 0.955511 0.929117 0.929117
2.84375 0.955267 0.928954 0.928954
2.85938 0.955025 0.928791 0.928791
2.875 0.954784 0.92863 0.92863
2.89062 0.954544 0.928469 0.928469
2.90625 0.954305 0.928309 0.928309
2.92188 0.954068 0.928149 0.928149
2.9375 0.953832 0.927991 0.927991
2.95312 0.953597 0.927833 0.927833
2.96875 0.953363 0.927676 0.927676
2.98438 0.953131 0.92752 0.92752
3 0.952899 0.927364 0.927364
3.01562 0.952669 0.92721 0.92721
3.03125 0.95244 0.927056 0.927056
3.04688 0.952213 0.926903 0.926903
3.0625 0.951986 0.92675 0.92675
3.07812 0.951761 0.926599 0.926599
3.09375 0.951536 0.926448 0.926448
3.10938 0.951313 0.926298 0.926298
3.125 0.951091 0.926148 0.926148
3.14062 0.95087 0.925999 0.925999
3.15625 0.95065 0.925852 0.925852
3.17188 0.950432 0.925704 0.925704
3.1875 0.950214 0.925558 0.925558
3.20312 0.949998 0.925412 0.925412
3.21875 0.949783 0.925267 0.925267
3.23438 0.949568 0.925123 0.925123
3.25 0.949355 0.924979 0.924979
3.26562 0.949143 0.924836 0.924836
3.28125 0.948932 0.924694 0.924694
3.29688 0.948722 0.924553 0.924553
3.3125 0.948513 0.924412 0.924412
3.32812 0.948306 0.924272 0.924272
3.34375 0.948099 0.924132 0.924132
3.35938 0.947893 0.923994 0.923994
3.375 0.947688 0.923856 0.923856
3.39062 0.947485 0.923718 0.923718
3.40625 0.947282 0.923582 0.923582
3.42188 0.94708 0.923446 0.923446
3.4375 0.94688 0.92331 0.92331
3.45312 0.94668 0.923176 0.923176
3.46875 0.946481 0.923041 0.923041
3.48438 0.946284 0.922908 0.922908
3.5 0.946087 0.922775 0.922775
3.51562 0.945891 0.922643 0.922643
3.53125 0.945697 0.922512 0.922512
3.54688 0.945503 0.922381 0.922381
3.5625 0.94531 0.922251 0.922251
3.57812 0.945118 0.922122 0.922122
3.59375 0.944927 0.921993 0.921993
3.60938 0.944737 0.921864 0.921864
3.625 0.944548 0.921737 0.921737
3.64062 0.94436 0.92161 0.92161
3.65625 0.944173 0.921484 0.921484
3.67188 0.943987 0.921358 0.921358
3.6875 0.943801 0.921233 0.921233
3.70312 0.943617 0.921108 0.921108
3.71875 0.943433 0.920984 0.920984
3.73438 0.943251 0.920861 0.920861
3.75 0.943069 0.920738 0.920738
3.76562 0.942888 0.920616 0.920616
3.78125 0.942708 0.920494 0.920494
3.79688 0.942529 0.920373 0.920373
3.8125 0.942351 0.920253 0.920253
3.82812 0.942173 0.920133 0.920133
3.84375 0.941997 0.920014 0.920014
3.85938 0.941821 0.919895 0.919895
3.875 0.941646 0.919777 0.919777
3.89062 0.941472 0.919659 0.919659
3.90625 0.941299 0.919542 0.919542
3.92188 0.941127 0.919426 0.919426
3.9375 0.940955 0.91931 0.91931
3.95312 0.940784 0.919195 0.919195
3.96875 0.940614 0.91908 0.91908
3.98438 0.940445 0.918966 0.918966
4 0.940277 0.918852 0.918852
4.01562 0.940109 0.918739 0.918739
4.03125 0.939943 0.918626 0.918626
4.04688 0.939777 0.918514 0.918514
4.0625 0.939612 0.918403 0.918403
4.07812 0.939447 0.918292 0.918292
4.09375 0.939284 0.918181 0.918181
4.10938 0.939121 0.918071 0.918071
4.125 0.938959 0.917962 0.917962
4.14062 0.938798 0.917853 0.917853
4.15625 0.938637 0.917744 0.917744
4.17188 0.938477 0.917636 0.917636
4.1875 0.938318 0.917529 0.917529
4.20312 0.93816 0.917422 0.917422
4.21875 0.938003 0.917315 0.917315
4.23438 0.937846 0.917209 0.917209
4.25 0.93769 0.917104 0.917104
4.26562 0.937534 0.916999 0.916999
4.28125 0.93738 0.916895 0.916895
4.29688 0.937226 0.91679 0.91679
4.3125 0.937072 0.916687 0.916687
4.32812 0.93692 0.916584 0.916584
4.34375 0.936768 0.916481 0.916481
4.35938 0.936617 0.916379 0.916379
4.375 0.936466 0.916278 0.916278
4.39062 0.936317 0.916176 0.916176
4.40625 0.936168 0.916076 0.916076
4.42188 0.936019 0.915975 0.915975
4.4375 0.935872 0.915876 0.915876
4.45312 0.935724 0.915776 0.915776
4.46875 0.935578 0.915677 0.915677
4.48438 0.935432 0.915579 0.915579
4.5 0.935287 0.915481 0.915481
4.51562 0.935143 0.915383 0.915383
4.53125 0.934999 0.915286 0.915286
4.54688 0.934856 0.915189 0.915189
4.5625 0.934714 0.915093 0.915093
4.57812 0.934572 0.914997 0.914997
4.59375 0.93443 0.914902 0.914902
4.60938 0.93429 0.914807 0.914807
4.625 0.93415 0.914712 0.914712
4.64062 0.934011 0.914618 0.914618
4.65625 0.933872 0.914524 0.914524
4.67188 0.933734 0.914431 0.914431
4.6875 0.933596 0.914338 0.914338
4.70312 0.933459 0.914246 0.914246
4.71875 0.933323 0.914154 0.914154
4.73438 0.933188 0.914062 0.914062
4.75 0.933052 0.913971 0.913971
4.76562 0.932918 0.91388 0.91388
4.78125 0.932784 0.91379 0.91379
4.79688 0.932651 0.913699 0.913699
4.8125 0.932518 0.91361 0.91361
4.82812 0.932386 0.913521 0.913521
4.84375 0.932254 0.913432 0.913432
4.85938 0.932123 0.913343 0.913343
4.875 0.931993 0.913255 0.913255
4.89062 0.931863 0.913167 0.913167
4.90625 0.931734 0.91308 0.91308
4.92188 0.931605 0.912993 0.912993
4.9375 0.931477 0.912906 0.912906
4.95312 0.931349 0.91282 0.91282
4.96875 0.931222 0.912734 0.912734
4.98438 0.931095 0.912649 0.912649
5 0.930969 0.912564 0.912564
5.01562 0.930844 0.912479 0.912479
5.03125 0.930719 0.912395 0.912395
5.04688 0.930595 0.912311 0.912311
5.0625 0.930471 0.912227 0.912227
5.07812 0.930347 0.912144 0.912144
5.09375 0.930225 0.912061 0.912061
5.10938 0.930102 0.911978 0.911978
5.125 0.92998 0.911896 0.911896
5.14062 0.929859 0.911814 0.911814
5.15625 0.929738 0.911732 0.911732
5.17188 0.929618 0.911651 0.911651
5.1875 0.929498 0.91157 0.91157
5.20312 0.929379 0.91149 0.91149
5.21875 0.92926 0.911409 0.911409
5.23438 0.929142 0.91133 0.91133
5.25 0.929024 0.91125 0.91125
5.26562 0.928907 0.911171 0.911171
5.28125 0.92879 0.911092 0.911092
5.29688 0.928674 0.911013 0.911013
5.3125 0.928558 0.910935 0.910935
5.32812 0.928443 0.910857 0.910857
5.34375 0.928328 0.91078 0.91078
5.35938 0.928213 0.910703 0.910703
5.375 0.928099 0.910626 0.910626
5.39062 0.927986 0.910549 0.910549
5.40625 0.927873 0.910473 0.910473
5.42188 0.92776 0.910397 0.910397
5.4375 0.927648 0.910321 0.910321
5.45312 0.927537 0.910246 0.910246
5.46875 0.927426 0.910171 0.910171
5.48438 0.927315 0.910096 0.910096
5.5 0.927205 0.910021 0.910021
5.51562 0.927095 0.909947 0.909947
5.53125 0.926985 0.909873 0.909873
5.54688 0.926876 0.9098 0.9098
5.5625 0.926768 0.909727 0.909727
5.57812 0.92666 0.909654 0.909654
5.59375 0.926552 0.909581 0.909581
5.60938 0.926445 0.909509 0.909509
5.625 0.926338 0.909437 0.909437
5.64062 0.926232 0.909365 0.909365
5.65625 0.926126 0.909293 0.909293
5.67188 0.92602 0.909222 0.909222
5.6875 0.925915 0.909151 0.909151
5.70312 0.925811 0.909081 0.909081
5.71875 0.925706 0.90901 0.90901
5.73438 0.925602 0.90894 0.90894
5.75 0.925499 0.90887 0.90887
5.76562 0.925396 0.908801 0.908801
5.78125 0.925293 0.908731 0.908731
5.79688 0.925191 0.908662 0.908662
5.8125 0.925089 0.908594 0.908594
5.82812 0.924988 0.908525 0.908525
5.84375 0.924887 0.908457 0.908457
5.85938 0.924786 0.908389 0.908389
5.875 0.924686 0.908322 0.908322
5.89062 0.924586 0.908254 0.908254
5.90625 0.924487 0.908187 0.908187
5.92188 0.924387 0.90812 0.90812
5.9375 0.924289 0.908054 0.908054
5.95312 0.92419 0.907987 0.907987
5.96875 0.924093 0.907921 0.907921
5.98438 0.923995 0.907855 0.907855
6 0.923898 0.90779 0.90779
6.01562 0.923801 0.907725 0.907725
6.03125 0.923704 0.907659 0.907659
6.04688 0.923608 0.907595 0.907595
6.0625 0.923513 0.90753 0.90753
6.07812 0.923417 0.907466 0.907466
6.09375 0.923322 0.907402 0.907402
6.10938 0.923228 0.907338 0.907338
6.125 0.923133 0.907274 0.907274
6.14062 0.923039 0.907211 0.907211
6.15625 0.922946 0.907148 0.907148
6.17188 0.922853 0.907085 0.907085
6.1875 0.92276 0.907022 0.907022
6.20312 0.922667 0.90696 0.90696
6.21875 0.922575 0.906898 0.906898
6.23438 0.922483 0.906836 0.906836
6.25 0.922392 0.906774 0.906774
6.26562 0.922301 0.906713 0.906713
6.28125 0.92221 0.906651 0.906651
6.29688 0.922119 0.90659 0.90659
6.3125 0.922029 0.90653 0.90653
6.32812 0.92194 0.906469 0.906469
6.34375 0.92185 0.906409 0.906409
6.35938 0.921761 0.906349 0.906349
6.375 0.921672 0.906289 0.906289
6.39062 0.921584 0.906229 0.906229
6.40625 0.921496 0.90617 0.90617
6.42188 0.921408 0.90611 0.90611
6.4375 0.92132 0.906051 0.906051
6.45312 0.921233 0.905993 0.905993
6.46875 0.921146 0.905934 0.905934
6.48438 0.92106 0.905876 0.905876
6.5 0.920973 0.905818 0.905818
6.51562 0.920888 0.90576 0.90576
6.53125 0.920802 0.905702 0.905702
6.54688 0.920717 0.905644 0.905644
6.5625 0.920632 0.905587 0.905587
6.57812 0.920547 0.90553 0.90553
6.59375 0.920463 0.905473 0.905473
6.60938 0.920379 0.905416 0.905416
6.625 0.920295 0.90536 0.90536
6.64062 0.920211 0.905304 0.905304
6.65625 0.920128 0.905248 0.905248
6.67188 0.920045 0.905192 0.905192
6.6875 0.919963 0.905136 0.905136
6.70312 0.91988 0.905081 0.905081
6.71875 0.919798 0.905025 0.905025
6.73438 0.919717 0.90497 0.90497
6.75 0.919635 0.904915 0.904915
6.76562 0.919554 0.904861 0.904861
6.78125 0.919473 0.904806 0.904806
6.79688 0.919393 0.904752 0.904752
6.8125 0.919313 0.904698 0.904698
6.82812 0.919233 0.904644 0.904644
6.84375 0.919153 0.90459 0.90459
6.85938 0.919073 0.904537 0.904537
6.875 0.918994 0.904483 0.904483
6.89062 0.918915 0.90443 0.90443
6.90625 0.918837 0.904377 0.904377
6.92188 0.918759 0.904325 0.904325
6.9375 0.91868 0.904272 0.904272
6.95312 0.918603 0.90422 0.90422
6.96875 0.918525 0.904167 0.904167
6.98438 0.918448 0.904115 0.904115
7 0.918371 0.904063 0.904063
7.01562 0.918294 0.904012 0.904012
7.03125 0.918218 0.90396 0.90396
7.04688 0.918142 0.903909 0.903909
7.0625 0.918066 0.903858 0.903858
7.07812 0.91799 0.903807 0.903807
7.09375 0.917915 0.903756 0.903756
7.10938 0.91784 0.903705 0.903705
7.125 0.917765 0.903655 0.903655
7.14062 0.91769 0.903605 0.903605
7.15625 0.917616 0.903555 0.903555
7.17188 0.917542 0.903505 0.903505
7.1875 0.917468 0.903455 0.903455
7.20312 0.917394 0.903405 0.903405
7.21875 0.917321 0.903356 0.903356
7.23438 0.917248 0.903307 0.903307
7.25 0.917175 0.903257 0.903257
7.26562 0.917102 0.903209 0.903209
7.28125 0.91703 0.90316 0.90316
7.29688 0.916958 0.903111 0.903111
7.3125 0.916886 0.903063 0.903063
7.32812 0.916814 0.903015 0.903015
7.34375 0.916743 0.902966 0.902966
7.35938 0.916672 0.902918 0.902918
7.375 0.916601 0.902871 0.902871
7.39062 0.91653 0.902823 0.902823
7.40625 0.916459 0.902776 0.902776
7.42188 0.916389 0.902728 0.902728
7.4375 0.916319 0.902681 0.902681
7.45312 0.916249 0.902634 0.902634
7.46875 0.91618 0.902587 0.902587
7.48438 0.916111 0.902541 0.902541
7.5 0.916041 0.902494 0.902494
7.51562 0.915973 0.902448 0.902448
7.53125 0.915904 0.902402 0.902402
7.54688 0.915836 0.902355 0.902355
7.5625 0.915767 0.90231 0.90231
7.57812 0.915699 0.902264 0.902264
7.59375 0.915632 0.902218 0.902218
7.60938 0.915564 0.902173 0.902173
7.625 0.915497 0.902127 0.902127
7.64062 0.91543 0.902082 0.902082
7.65625 0.915363 0.902037 0.902037
7.67188 0.915296 0.901992 0.901992
7.6875 0.91523 0.901948 0.901948
7.70312 0.915164 0.901903 0.901903
7.71875 0.915098 0.901859 0.901859
7.73438 0.915032 0.901814 0.901814
7.75 0.914966 0.90177 0.90177
7.76562 0.914901 0.901726 0.901726
7.78125 0.914836 0.901682 0.901682
7.79688 0.914771 0.901639 0.901639
7.8125 0.914706 0.901595 0.901595
7.82812 0.914642 0.901552 0.901552
7.84375 0.914577 0.901508 0.901508
7.85938 0.914513 0.901465 0.901465
7.875 0.914449 0.901422 0.901422
7.89062 0.914385 0.901379 0.901379
7.90625 0.914322 0.901336 0.901336
7.92188 0.914259 0.901294 0.901294
7.9375 0.914196 0.901251 0.901251
7.95312 0.914133 0.901209 0.901209
7.96875 0.91407 0.901167 0.901167
7.98438 0.914007 0.901125 0.901125
8 0.913945 0.901083 0.901083
8.01562 0.913883 0.901041 0.901041
8.03125 0.913821 0.900999 0.900999
8.04688 0.913759 0.900958 0.900958
8.0625 0.913698 0.900916 0.900916
8.07812 0.913636 0.900875 0.900875
8.09375 0.913575 0.900834 0.900834
8.10938 0.913514 0.900793 0.900793
8.125 0.913453 0.900752 0.900752
8.14062 0.913393 0.900711 0.900711
8.15625 0.913332 0.90067 0.90067
8.17188 0.913272 0.90063 0.90063
8.1875 0.913212 0.900589 0.900589
8.20312 0.913152 0.900549 0.900549
8.21875 0.913093 0.900509 0.900509
8.23438 0.913033 0.900469 0.900469
8.25 0.912974 0.900429 0.900429
8.26562 0.912915 0.900389 0.900389
8.28125 0.912856 0.900349 0.900349
8.29688 0.912797 0.90031 0.90031
8.3125 0.912738 0.900271 0.900271
8.32812 0.91268 0.900231 0.900231
8.34375 0.912622 0.900192 0.900192
8.35938 0.912564 0.900153 0.900153
8.375 0.912506 0.900114 0.900114
8.39062 0.912448 0.900075 0.900075
8.40625 0.912391 0.900037 0.900037
8.42188 0.912333 0.899998 0.899998
8.4375 0.912276 0.899959 0.899959
8.45312 0.912219 0.899921 0.899921
8.46875 0.912162 0.899883 0.899883
8.48438 0.912106 0.899845 0.899845
8.5 0.912049 0.899807 0.899807
8.51562 0.911993 0.899769 0.899769
8.53125 0.911937 0.899731 0.899731
8.54688 0.911881 0.899693 0.899693
8.5625 0.911825 0.899656 0.899656
8.57812 0.911769 0.899618 0.899618
8.59375 0.911714 0.899581 0.899581
8.60938 0.911658 0.899544 0.899544
8.625 0.911603 0.899507 0.899507
8.64062 0.911548 0.89947 0.89947
8.65625 0.911493 0.899433 0.899433
8.67188 0.911439 0.899396 0.899396
8.6875 0.911384 0.899359 0.899359
8.70312 0.91133 0.899323 0.899323
8.71875 0.911275 0.899286 0.899286
8.73438 0.911221 0.89925 0.89925
8.75 0.911168 0.899214 0.899214
8.76562 0.911114 0.899178 0.899178
8.78125 0.91106 0.899142 0.899142
8.79688 0.911007 0.899106 0.899106
8.8125 0.910954 0.89907 0.89907
8.82812 0.910901 0.899034 0.899034
8.84375 0.910848 0.898999 0.898999
8.85938 0.910795 0.898963 0.898963
8.875 0.910742 0.898928 0.898928
8.89062 0.91069 0.898892 0.898892
8.90625 0.910637 0.898857 0.898857
8.92188 0.910585 0.898822 0.898822
8.9375 0.910533 0.898787 0.898787
8.95312 0.910481 0.898752 0.898752
8.96875 0.91043 0.898717 0.898717
8.98438 0.910378 0.898683 0.898683
9 0.910326 0.898648 0.898648
9.01562 0.910275 0.898614 0.898614
9.03125 0.910224 0.898579 0.898579
9.04688 0.910173 0.898545 0.898545
9.0625 0.910122 0.898511 0.898511
9.07812 0.910072 0.898477 0.898477
9.09375 0.910021 0.898443 0.898443
9.10938 0.909971 0.898409 0.898409
9.125 0.90992 0.898375 0.898375
9.14062 0.90987 0.898341 0.898341
9.15625 0.90982 0.898308 0.898308
9.17188 0.90977 0.898274 0.898274
9.1875 0.909721 0.898241 0.898241
9.20312 0.909671 0.898207 0.898207
9.21875 0.909622 0.898174 0.898174
9.23438 0.909572 0.898141 0.898141
9.25 0.909523 0.898108 0.898108
9.26562 0.909474 0.898075 0.898075
9.28125 0.909425 0.898042 0.898042
9.29688 0.909376 0.898009 0.898009
9.3125 0.909328 0.897977 0.897977
9.32812 0.909279 0.897944 0.897944
9.34375 0.909231 0.897912 0.897912
9.35938 0.909183 0.897879 0.897879
9.375 0.909135 0.897847 0.897847
9.39062 0.909087 0.897815 0.897815
9.40625 0.909039 0.897783 0.897783
9.42188 0.908991 0.89775 0.89775
9.4375 0.908944 0.897719 0.897719
9.45312 0.908896 0.897687 0.897687
9.46875 0.908849 0.897655 0.897655
9.48438 0.908802 0.897623 0.897623
9.5 0.908755 0.897592 0.897592
9.51562 0.908708 0.89756 0.89756
9.53125 0.908661 0.897529 0.897529
9.54688 0.908615 0.897497 0.897497
9.5625 0.908568 0.897466 0.897466
9.57812 0.908522 0.897435 0.897435
9.59375 0.908476 0.897404 0.897404
9.60938 0.90843 0.897373 0.897373
9.625 0.908384 0.897342 0.897342
9.64062 0.908338 0.897311 0.897311
9.65625 0.908292 0.89728 0.89728
9.67188 0.908246 0.89725 0.89725
9.6875 0.908201 0.897219 0.897219
9.70312 0.908155 0.897189 0.897189
9.71875 0.90811 0.897158 0.897158
9.73438 0.908065 0.897128 0.897128
9.75 0.90802 0.897098 0.897098
9.76562 0.907975 0.897067 0.897067
9.78125 0.90793 0.897037 0.897037
9.79688 0.907886 0.897007 0.897007
9.8125 0.907841 0.896977 0.896977
9.82812 0.907797 0.896947 0.896947
9.84375 0.907752 0.896918 0.896918
9.85938 0.907708 0.896888 0.896888
9.875 0.907664 0.896858 0.896858
9.89062 0.90762 0.896829 0.896829
9.90625 0.907576 0.896799 0.896799
9.92188 0.907533 0.89677 0.89677
9.9375 0.907489 0.896741 0.896741
9.95312 0.907446 0.896712 0.896712
9.96875 0.907402 0.896682 0.896682
9.98438 0.907359 0.896653 0.896653
