0.015625 0.9999999999996178 0.993274357132508 0.9790519244383462
0.03125 0.9999999999996178 0.993274357132508 0.9790519244383462
0.046875 0.9999999999996166 0.9932743571325098 0.9790519244383457
0.0625 0.9999999999996175 0.9932743571325016 0.9790519244383517
0.078125 0.9999999999996997 0.9932743571324234 0.9790519244383457
0.09375 0.9999999999998123 0.9932743571323019 0.9790519244383498
0.109375 0.9999999999998518 0.9932743571322614 0.9790519244383479
0.125 0.9999999999998922 0.9932743571322399 0.9790519244383402
0.140625 0.999999999999285 0.9932743571320055 0.9790519244381921
0.15625 0.9999999999989166 0.9932743571303276 0.9790519244358115
0.171875 0.9999999999902039 0.9932743571136345 0.9790519244123367
0.1875 0.999999999932075 0.9932743570035983 0.9790519242573815
0.203125 0.9999999996495165 0.993274356468888 0.9790519235044216
0.21875 0.9999999985693664 0.9932743544248178 0.979051920625984
0.234375 0.999999995158828 0.9932743479707432 0.9790519115374477
0.25 0.9999999859331082 0.9932743305120788 0.9790518869524619
0.265625 0.9999999639466366 0.9932742889050901 0.9790518283622073
0.28125 0.9999999167705287 0.9932741996295358 0.9790517026459256
0.296875 0.9999998240607653 0.993274024186531 0.979051455590073
0.3125 0.9999996549043841 0.9932737040767327 0.9790510048169356
0.328125 0.9999993651790299 0.9932731558034409 0.9790502327478932
0.34375 0.9999988951644022 0.9932722663526032 0.9790489802384598
0.359375 0.9999981676128447 0.9932708895415183 0.9790470414366653
0.375 0.9999970864302684 0.9932688435227305 0.9790441602679931
0.390625 0.9999955360532188 0.9932659096051306 0.9790400287754989
0.40625 0.999993381543272 0.9932618324326772 0.9790342873710324
0.421875 0.999990469365585 0.9932563214575727 0.9790265269102291
0.4375 0.9999866287764981 0.993249053566303 0.9790162923901837
0.453125 0.9999816737182864 0.9932396766651144 0.9790030879985037
0.46875 0.9999754051049189 0.9932278140056543 0.9789863832045573
0.484375 0.9999676133800212 0.9932130690256157 0.9789656195761594
0.5 0.9999580812336897 0.9931950304899272 0.9789402180190993
0.515625 0.9999465863752675 0.9931732777380635 0.9789095861664083
0.53125 0.9999329042742848 0.9931473858709171 0.9788731256824491
0.546875 0.9999168107970794 0.993116930740191 0.9788302392888495
0.5625 0.9998980846822726 0.9930814936331434 0.9787803373615266
0.578125 0.9998765098139765 0.9930406655742828 0.978722843988157
0.59375 0.9998518772641309 0.992994051190336 0.9786572024110305
0.609375 0.9998239870878999 0.9929412721077053 0.978582879810621
0.625 0.9997926498649804 0.9928819698693868 0.978499371414086
0.640625 0.9997576879884025 0.9928158083737733 0.9784062039288697
0.65625 0.9997189367078242 0.9927424758489922 0.9783029383231915
0.671875 0.9996762449394943 0.9926616863857514 0.9781891719844741
0.6875 0.9996294758580542 0.9925731810570881 0.9780645402961463
0.703125 0.999578507287483 0.9924767286583956 0.9779287176799144
0.71875 0.999523231910147 0.9923721261028616 0.9777814181524105
0.734375 0.9994635573128522 0.9922591985087535 0.9776223954481006
0.75 0.9993994058890997 0.9921377990143103 0.9774514427588106
0.765625 0.9993307146162528 0.9920078083561027 0.9772683921398426
0.78125 0.9992574347252067 0.9918691342440401 0.9770731136298315
0.796875 0.9991795312795643 0.9917217105648075 0.9768655141291285
0.8125 0.9990969826795871 0.9915654964433045 0.9766455360781777
0.828125 0.9990097801055697 0.9914004751891915 0.9764131559738809
0.84375 0.9989179269132298 0.9912266531527967 0.9761683827586557
0.859375 0.9988214379931688 0.991044058512956 0.9759112561134684
0.875 0.9987203391047035 0.9908527400163039 0.9756418446824546
0.890625 0.9986146661932055 0.9906527656855428 0.9753602442542073
0.90625 0.9985044646993603 0.990444221512105 0.9750665759202172
0.921875 0.9983897888669098 0.9902272101463266 0.9747609842309345
0.9375 0.998270701055418 0.9900018495967547 0.9744436353640257
0.953125 0.9981472710627963 0.9897682719483213 0.9741147153191486
0.96875 0.9980195754622214 0.9895266221072465 0.9737744281508437
0.984375 0.9978876969567435 0.9892770565799687 0.9734229942487853
1 0.9977517237547439 0.9890197422910975 0.9730606486733251
1.015625 0.9976117489682829 0.9887548554449752 0.9726876395524099
1.03125 0.9974678700364563 0.9884825804343074 0.9723042265447086
1.046875 0.9973201881747037 0.9882031087981956 0.9719106793722483
1.0625 0.9971688078513136 0.9879166382312812 0.9715072764253176
1.078125 0.9970138362914052 0.9876233716453491 0.9710943034407559
1.09375 0.9968553830089307 0.987323516283389 0.9706720522549644
1.109375 0.996693559366265 0.9870172828865104 0.9702408196293522
1.125 0.9965284781617274 0.9867048849130549 0.9698009061525755
1.140625 0.9963602532440492 0.9863865378091863 0.9693526152122136
1.15625 0.9961889991535454 0.9860624583298307 0.9688962520388424
1.171875 0.9960148307892643 0.9857328639087053 0.9684321228188644
1.1875 0.9958378631010251 0.9853979720757579 0.9679605338742362
1.203125 0.9956582108060328 0.9850579999205912 0.9674817909068253
1.21875 0.9954759881284504 0.9847131635998584 0.9669961983047042
1.234375 0.9952913085614291 0.9843636778868362 0.9668275541423896
1.25 0.9951042846504051 0.9840097557613132 0.9667312934134278
1.265625 0.9949150277965556 0.983651608037764 0.966633892054126
1.28125 0.9947236480795022 0.9832894430297296 0.9665354070205161
1.296875 0.9945302540982039 0.9829234662487394 0.9664358944898098
1.3125 0.9943349528288598 0.9825538801354877 0.966335409787197
1.328125 0.9941378494990488 0.9821808838215131 0.9662340073208433
1.34375 0.9939390474768639 0.9818046729195934 0.9661317405248698
1.359375 0.9937386481743266 0.9814254393407741 0.9660286618096108
1.375 0.9935367509639362 0.9810433711365104 0.9659248225187973
1.390625 0.9933334531074887 0.9806586523640779 0.9658202728930623
1.40625 0.9931288496965055 0.980271462973671 0.9657150620394032
1.421875 0.9929230336031314 0.9798819787155582 0.9656092379062156
1.4375 0.9927160954408233 0.9794903710657664 0.9655028472633533
1.453125 0.9925081235343371 0.979096807169069 0.9653959356869201
1.46875 0.9922992038976862 0.978701449797614 0.9652885475483416
1.484375 0.9920894202201276 0.9783044573240374 0.9651807260074986
1.5 0.9918788538589167 0.9779059837079057 0.9650725130093789
1.515625 0.9916675838384819 0.9775061784943384 0.9649639492841329
1.53125 0.9914556868555521 0.9771051868233813 0.9648550743500778
1.546875 0.9912432372893962 0.9767031494496382 0.9647459265195104
1.5625 0.9910303072170346 0.9763002027708693 0.9646365429068796
1.578125 0.9908169664324956 0.9758964788646082 0.9645269594393093
1.59375 0.9906032824701696 0.9754921055322315 0.9644172108689968
1.609375 0.9903893206314669 0.9750872063494538 0.964307330787461
1.625 0.9901751440145309 0.974681900722558 0.9641973516412983
1.640625 0.9899608135467135 0.9742763039498317 0.9640873047494342
1.65625 0.9897463880193403 0.9738705272873833 0.9639772203214435
1.671875 0.9895319241245809 0.9734646780189024 0.9638671274770475
1.6875 0.9893174764940386 0.9730588595286163 0.9637570542664053
1.703125 0.9891030977388346 0.9726531713773678 0.9636470276912944
1.71875 0.9888888384910638 0.972247709380754 0.9635370737268437
1.734375 0.9886747474461166 0.9718425656894102 0.9634272173438
1.75 0.9884608714059613 0.9714378288709166 0.9633174825312378
1.765625 0.9882472553229655 0.9710335839921547 0.9632078923270003
1.78125 0.9880339423443024 0.9706299127054757 0.9630984688102722
1.796875 0.9878209738565545 0.9702268933298874 0.96298923317256
1.8125 0.9876083895305962 0.9698246009380797 0.9628802057083585
1.828125 0.9873962273664082 0.969423107440875 0.962771405847077
1.84375 0.9871845237378813 0.9690224816718598 0.9626628521765438
1.859375 0.986973313437481 0.9686227894719192 0.9625545624662984
1.875 0.9867626297205074 0.968224093773026 0.9624465536907922
1.890625 0.9865525043491224 0.967826454681607 0.9623388420523203
1.90625 0.9863429676358458 0.9674299295607778 0.9622314430037668
1.921875 0.9861340484866433 0.9670345731118674 0.9621243712711355
1.9375 0.9859257744433669 0.9666404374546828 0.9620176408760807
1.953125 0.9857181717255656 0.9662475722068412 0.9619112651569885
1.96875 0.9855112652717801 0.9658560245618845 0.9618052567904577
1.984375 0.98530507877995 0.9654658393655626 0.9616996278130031
2 0.9850996347472327 0.9650770591912308 0.96159438964164
2.015625 0.984894954508965 0.9646897244136976 0.9614895530941092
2.03125 0.9846910582768972 0.9643038732814351 0.9613851284087513
2.046875 0.9844879651766018 0.9639195419874619 0.96128112526406
2.0625 0.9842856932840653 0.9635367647385795 0.9611775527975873
2.078125 0.9840842596614366 0.9631555738230519 0.9610744196246103
2.09375 0.9838836803919486 0.9627759996766533 0.9609717338563589
2.109375 0.9836839706140535 0.9623980709471529 0.9608695031176742
2.125 0.9834851445545183 0.9620218145572146 0.9607677345642958
2.140625 0.9832872155609242 0.961647255765632 0.960666434899675
2.15625 0.9830901961331607 0.9612744182270689 0.9605656103914131
2.171875 0.98289409795408 0.9609033240500604 0.9604652668871069
2.1875 0.982698931919435 0.9605339938535578 0.9603654098299351
2.203125 0.9825047081667869 0.9602660442736519 0.9602660442736519
2.21875 0.9823114361038532 0.9601671748972769 0.9601671748972769
2.234375 0.9821191244357665 0.9600688060192518 0.9600688060192518
2.25 0.9819277811917611 0.9599709416112976 0.9599709416112976
2.265625 0.9817374137509494 0.9598735853117296 0.9598735853117296
2.28125 0.9815480288673726 0.9597767404384662 0.9597767404384662
2.296875 0.9813596326942244 0.959680410001611 0.959680410001611
2.3125 0.981172230807433 0.9595845967155699 0.9595845967155699
2.328125 0.9809858282284526 0.9594893030109888 0.9594893030109888
2.34375 0.9808004294463118 0.9593945310460121 0.9593945310460121
2.359375 0.9806160384389783 0.9593002827174898 0.9593002827174898
2.375 0.9804326586940825 0.9592065596715659 0.9592065596715659
2.390625 0.9802502932289305 0.959113363314098 0.959113363314098
2.40625 0.9800689446098169 0.9590206948206512 0.9590206948206512
2.421875 0.9798886149708095 0.9589285551461517 0.9589285551461517
2.4375 0.9797093060318093 0.9588369450342692 0.9588369450342692
2.453125 0.9795310191160698 0.958745865026425 0.958745865026425
2.46875 0.9793537551670592 0.9586553154705337 0.9586553154705337
2.484375 0.9791775147648257 0.9585652965294059 0.9585652965294059
2.5 0.9790022981417352 0.9584758081889153 0.9584758081889153
2.515625 0.978828105197713 0.9583868502658376 0.9583868502658376
2.53125 0.9786549355149041 0.9582984224153943 0.9582984224153943
2.546875 0.9784827883718928 0.9582105241386292 0.9582105241386292
2.5625 0.9783116627573495 0.9581231547893658 0.9581231547893658
2.578125 0.9781415573832385 0.958036313581097 0.958036313581097
2.59375 0.9779724706975411 0.9579499995934622 0.9579499995934622
2.609375 0.9778044008964981 0.9578642117786168 0.9578642117786168
2.625 0.9776373459364992 0.9577789489672859 0.9577789489672859
2.640625 0.977471303545436 0.9576942098746352 0.9576942098746352
2.65625 0.9773062712336542 0.9576099931059163 0.9576099931059163
2.671875 0.9771422463046152 0.9575262971619177 0.9575262971619177
2.6875 0.9769792258650274 0.9574431204441962 0.9574431204441962
2.703125 0.976817206834682 0.9573604612601052 0.9573604612601052
2.71875 0.9766561859559129 0.957278317827674 0.957278317827674
2.734375 0.9764961598026577 0.9571966882802464 0.9571966882802464
2.75 0.9763371247892667 0.9571155706710026 0.9571155706710026
2.765625 0.9761790771788681 0.9570349629772675 0.9570349629772675
2.78125 0.9760220130915424 0.9569548631046472 0.9569548631046472
2.796875 0.975865928512074 0.9568752688910758 0.9568752688910758
2.8125 0.9757108192974652 0.9567961781106121 0.9567961781106121
2.828125 0.9755566811841456 0.9567175884771399 0.9567175884771399
2.84375 0.9754035097949054 0.9566394976479361 0.9566394976479361
2.859375 0.975251300645563 0.9565619032270904 0.9565619032270904
2.875 0.9751000491513722 0.9564848027687192 0.9564848027687192
2.890625 0.9749497506331947 0.9564081937801786 0.9564081937801786
2.90625 0.9748004003233534 0.9563320737250613 0.9563320737250613
2.921875 0.9746519933713711 0.9562564400261048 0.9562564400261048
2.9375 0.9745045248494015 0.9561812900679361 0.9561812900679361
2.953125 0.9743579897574701 0.9561066211998065 0.9561066211998065
2.96875 0.9742123830284924 0.9560324307381112 0.9560324307381112
2.984375 0.9740676995330994 0.9559587159688647 0.9559587159688647
3 0.9739239340842445 0.9558854741500497 0.9558854741500497
3.015625 0.9737810814417076 0.9558127025138811 0.9558127025138811
3.03125 0.9736391363162687 0.9557403982689772 0.9557403982689772
3.046875 0.9734980933738721 0.9556685586024436 0.9556685586024436
3.0625 0.9733579472394592 0.9555971806818591 0.9555971806818591
3.078125 0.9732186925007906 0.9555262616571392 0.9555262616571392
3.09375 0.9730803237119753 0.9554557986624499 0.9554557986624499
3.109375 0.9729428353969812 0.9553857888178757 0.9553857888178757
3.125 0.9728062220528924 0.9553162292311386 0.9553162292311386
3.140625 0.9726704781530492 0.9552471169991745 0.9552471169991745
3.15625 0.9725355981500983 0.9551784492096688 0.9551784492096688
3.171875 0.9724015764789122 0.9551102229425363 0.9551102229425363
3.1875 0.9722684075592933 0.9550424352713077 0.9550424352713077
3.203125 0.9721360857986302 0.9549750832644455 0.9549750832644455
3.21875 0.9720046055944599 0.9549081639866833 0.9549081639866833
3.234375 0.9718739613368818 0.9548416745001888 0.9548416745001888
3.25 0.9717441474108385 0.9547756118657418 0.9547756118657418
3.265625 0.9716151581983195 0.9547099731438743 0.9547099731438743
3.28125 0.9714869880805121 0.9546447553958858 0.9546447553958858
3.296875 0.971359631439764 0.9545799556849052 0.9545799556849052
3.3125 0.9712330826614929 0.9545155710768043 0.9545155710768043
3.328125 0.9711073361360695 0.9544515986411537 0.9544515986411537
3.34375 0.9709823862605327 0.9543880354520893 0.9543880354520893
3.359375 0.9708582274402066 0.9543248785891332 0.9543248785891332
3.375 0.9707348540903228 0.9542621251379964 0.9542621251379964
3.390625 0.9706122606375328 0.9541997721913077 0.9541997721913077
3.40625 0.9704904415213229 0.954137816849395 0.954137816849395
3.421875 0.9703693911953758 0.9540762562208778 0.9540762562208778
3.4375 0.9702491041288387 0.9540150874233577 0.9540150874233577
3.453125 0.9701295748075915 0.9539543075840502 0.9539543075840502
3.46875 0.9700107977353877 0.9538939138403294 0.9538939138403294
3.484375 0.9698927674349617 0.9538339033402671 0.9538339033402671
3.5 0.9697754784490721 0.9537742732431911 0.9537742732431911
3.515625 0.9696589253415125 0.9537150207201504 0.9537150207201504
3.53125 0.9695431026980137 0.9536561429543914 0.9536561429543914
3.546875 0.9694280051271442 0.9535976371417936 0.9535976371417936
3.5625 0.9693136272611949 0.9535395004912582 0.9535395004912582
3.578125 0.9691999637568525 0.9534817302251523 0.9534817302251523
3.59375 0.9690870092960624 0.9534243235795895 0.9534243235795895
3.609375 0.968974758586676 0.9533672778048579 0.9533672778048579
3.625 0.9688632063630983 0.9533105901657226 0.9533105901657226
3.640625 0.9687523473869207 0.9532542579416299 0.9532542579416299
3.65625 0.9686421764475424 0.9531982784271725 0.9531982784271725
3.671875 0.9685326883625969 0.9531426489321774 0.9531426489321774
3.6875 0.9684238779785902 0.9530873667820507 0.9530873667820507
3.703125 0.9683157401712853 0.9530324293179794 0.9530324293179794
3.71875 0.9682082698461701 0.9529778338971248 0.9529778338971248
3.734375 0.9681014619388966 0.9529235778928523 0.9529235778928523
3.75 0.9679953114155903 0.9528696586948753 0.9528696586948753
3.765625 0.9678898132732673 0.9528160737094479 0.9528160737094479
3.78125 0.9677849625401062 0.9527628203594919 0.9527628203594919
3.796875 0.967680754275776 0.9527098960847775 0.9527098960847775
3.8125 0.9675771835716911 0.952657298341994 0.952657298341994
3.828125 0.9674742455512563 0.9526050246048927 0.9526050246048927
3.84375 0.9673719353701024 0.9525530723643927 0.9525530723643927
3.859375 0.9672702482162352 0.9525014391286536 0.9525014391286536
3.875 0.9671691793103414 0.952450122423172 0.952450122423172
3.890625 0.967068723905758 0.9523991197908347 0.9523991197908347
3.90625 0.9669688772887788 0.9523484287919812 0.9523484287919812
3.921875 0.9668696347786871 0.952298047004474 0.952298047004474
3.9375 0.9667709917278862 0.9522479720237054 0.9522479720237054
3.953125 0.9666729435219615 0.9521982014626539 0.9521982014626539
3.96875 0.9665754855797855 0.9521487329518924 0.9521487329518924
3.984375 0.9664786133535268 0.9520995641396395 0.9520995641396395
4 0.9663823223287475 0.9520506926917061 0.9520506926917061
4.015625 0.9662866080243508 0.9520021162915547 0.9520021162915547
4.03125 0.9661914659926523 0.9519538326402777 0.9519538326402777
4.046875 0.9660968918193505 0.9519058394565633 0.9519058394565633
4.0625 0.9660028811235237 0.9518581344767039 0.9518581344767039
4.078125 0.9659094295576029 0.951810715454574 0.951810715454574
4.09375 0.9658165328073143 0.9517635801615721 0.9517635801615721
4.109375 0.9657241865916391 0.9517167263866068 0.9517167263866068
4.125 0.9656323866628004 0.9516701519360805 0.9516701519360805
4.140625 0.9655411288061165 0.9516238546338006 0.9516238546338006
4.15625 0.9654504088399758 0.9515778323209485 0.9515778323209485
4.171875 0.9653602226157216 0.9515320828560282 0.9515320828560282
4.1875 0.9652705660175925 0.9514866041148279 0.9514866041148279
4.203125 0.9651814349626154 0.9514413939903215 0.9514413939903215
4.21875 0.9650928254004371 0.9513964503926277 0.9513964503926277
4.234375 0.9650047333132514 0.9513517712489378 0.9513517712489378
4.25 0.9649171547157294 0.9513073545034474 0.9513073545034474
4.265625 0.9648300856547782 0.9512631981172796 0.9512631981172796
4.28125 0.9647435222094929 0.9512193000683835 0.9512193000683835
4.296875 0.9646574604909488 0.9511756583515079 0.9511756583515079
4.3125 0.9645718966421147 0.9511322709780687 0.9511322709780687
4.328125 0.9644868268376795 0.9510891359760696 0.9510891359760696
4.34375 0.9644022472838638 0.9510462513900596 0.9510462513900596
4.359375 0.9643181542182796 0.9510036152809698 0.9510036152809698
4.375 0.9642345439098158 0.9509612257260968 0.9509612257260968
4.390625 0.964151412658358 0.9509190808189452 0.9509190808189452
4.40625 0.9640687567947166 0.9508771786691811 0.9508771786691811
4.421875 0.9639865726804209 0.9508355174024996 0.9508355174024996
4.4375 0.9639048567075116 0.9507940951605489 0.9507940951605489
4.453125 0.963823605298363 0.9507529101008161 0.9507529101008161
4.46875 0.9637428149055307 0.9507119603965346 0.9507119603965346
4.484375 0.9636624820115308 0.9506712442365742 0.9506712442365742
4.5 0.9635826031286782 0.9506307598253481 0.9506307598253481
4.515625 0.9635031747988561 0.9505905053827025 0.9505905053827025
4.53125 0.9634241935933429 0.9505504791437923 0.9505504791437923
4.546875 0.9633456561126157 0.9505106793590113 0.9505106793590113
4.5625 0.9632675589861603 0.9504711042938579 0.9504711042938579
4.578125 0.9631898988722462 0.9504317522288311 0.9504317522288311
4.59375 0.9631126724577259 0.9503926214593307 0.9503926214593307
4.609375 0.9630358764578798 0.9503537102955424 0.9503537102955424
4.625 0.9629595076161415 0.9503150170623229 0.9503150170623229
4.640625 0.962883562703933 0.9502765400991 0.9502765400991
4.65625 0.9628080385204673 0.950238277759751 0.950238277759751
4.671875 0.9627329318925185 0.9502002284125137 0.9502002284125137
4.6875 0.9626582396742295 0.9501623904398389 0.9501623904398389
4.703125 0.9625839587468861 0.9501247622383138 0.9501247622383138
4.71875 0.9625100860187239 0.9500873422185414 0.9500873422185414
4.734375 0.9624366184247206 0.9500501288050066 0.9500501288050066
4.75 0.9623635529263751 0.9500131204359969 0.9500131204359969
4.765625 0.9622908865115175 0.9499763155634789 0.9499763155634789
4.78125 0.9622186161940924 0.9499397126529843 0.9499397126529843
4.796875 0.9621467390139222 0.9499033101834953 0.9499033101834953
4.8125 0.962075252036544 0.9498671066473343 0.9498671066473343
4.828125 0.9620041523529632 0.9498311005500786 0.9498311005500786
4.84375 0.961933437079479 0.9497952904104036 0.9497952904104036
4.859375 0.9618631033574474 0.9497596747599998 0.9497596747599998
4.875 0.9617931483530884 0.9497242521434707 0.9497242521434707
4.890625 0.9617235692572708 0.9496890211182171 0.9496890211182171
4.90625 0.9616543632853195 0.9496539802543045 0.9496539802543045
4.921875 0.9615855276767866 0.9496191281343943 0.9496191281343943
4.9375 0.9615170596952572 0.9495844633535818 0.9495844633535818
4.953125 0.9614489566281712 0.9495499845193488 0.9495499845193488
4.96875 0.9613812157865723 0.9495156902514215 0.9495156902514215
4.984375 0.9613138345049342 0.9494815791816587 0.9494815791816587
5 0.9612468101409476 0.9494476499539487 0.9494476499539487
5.015625 0.9611801400753288 0.9494139012241245 0.9494139012241245
5.03125 0.9611138217116078 0.9493803316598395 0.9493803316598395
5.046875 0.9610478524759344 0.9493469399404524 0.9493469399404524
5.0625 0.960982229816867 0.9493137247569448 0.9493137247569448
5.078125 0.9609169512052098 0.9492806848117988 0.9492806848117988
5.09375 0.960852014133771 0.9492478188189123 0.9492478188189123
5.109375 0.9607874161171991 0.949215125503479 0.949215125503479
5.125 0.9607231546917752 0.9491826036018868 0.9491826036018868
5.140625 0.9606592274152113 0.9491502518616318 0.9491502518616318
5.15625 0.9605956318665074 0.9491180690412033 0.9491180690412033
5.171875 0.9605323656456564 0.9490860539099789 0.9490860539099789
5.1875 0.9604694263735721 0.9490542052481473 0.9490542052481473
5.203125 0.9604068116918431 0.9490225218465815 0.9490225218465815
5.21875 0.9603445192625106 0.9489910025067536 0.9489910025067536
5.234375 0.9602825467679729 0.9489596460406465 0.9489596460406465
5.25 0.9602208919107051 0.9489284512706395 0.9489284512706395
5.265625 0.9601595524131363 0.9488974170294191 0.9488974170294191
5.28125 0.9600985260174758 0.9488665421598894 0.9488665421598894
5.296875 0.9600378104854469 0.9488358255150633 0.9488358255150633
5.3125 0.9599774035982142 0.9488052659579744 0.9488052659579744
5.328125 0.9599173031561317 0.9487748623616007 0.9487748623616007
5.34375 0.9598575069786073 0.9487446136087389 0.9487446136087389
5.359375 0.9597980129038849 0.948714518591936 0.948714518591936
5.375 0.9597388187889261 0.9486845762133898 0.9486845762133898
5.390625 0.9596799225091603 0.9486547853848576 0.9486547853848576
5.40625 0.9596213219584043 0.9486251450275822 0.9486251450275822
5.421875 0.9595630150486285 0.9485956540721683 0.9485956540721683
5.4375 0.9595049997097719 0.9485663114585309 0.9485663114585309
5.453125 0.9594472738896653 0.9485371161357649 0.9485371161357649
5.46875 0.9593898355537419 0.9485080670621209 0.9485080670621209
5.484375 0.9593326826849756 0.9484791632048537 0.9484791632048537
5.5 0.9592758132836636 0.9484504035401723 0.9484504035401723
5.515625 0.9592192253672787 0.9484217870531552 0.9484217870531552
5.53125 0.9591629169703141 0.9483933127376472 0.9483933127376472
5.546875 0.9591068861440893 0.9483649795962008 0.9483649795962008
5.5625 0.9590511309566478 0.948336786639959 0.948336786639959
5.578125 0.9589956494925518 0.9483087328886179 0.9483087328886179
5.59375 0.9589404398527526 0.9482808173703053 0.9482808173703053
5.609375 0.9588855001544218 0.9482530391215203 0.9482530391215203
5.625 0.9588308285308185 0.9482253971870551 0.9482253971870551
5.640625 0.9587764231310963 0.948197890619903 0.948197890619903
5.65625 0.9587222821202063 0.9481705184811954 0.9481705184811954
5.671875 0.958668403678721 0.9481432798401046 0.9481432798401046
5.6875 0.9586147860026494 0.9481161737737926 0.9481161737737926
5.703125 0.9585614273033966 0.9480891993673138 0.9480891993673138
5.71875 0.9585083258074654 0.9480623557135422 0.9480623557135422
5.734375 0.9584554797564844 0.9480356419131198 0.9480356419131198
5.75 0.9584028874069044 0.9480090570743269 0.9480090570743269
5.765625 0.9583505470299951 0.9479826003130756 0.9479826003130756
5.78125 0.9582984569115868 0.9479562707528079 0.9479562707528079
5.796875 0.9582466153520088 0.9479300675243875 0.9479300675243875
5.8125 0.9581950206659546 0.9479039897661076 0.9479039897661076
5.828125 0.9581436711822656 0.9478780366235492 0.9478780366235492
5.84375 0.9580925652439103 0.9478522072495411 0.9478522072495411
5.859375 0.9580417012077512 0.9478265008040822 0.9478265008040822
5.875 0.9579910774444684 0.9478009164542948 0.9478009164542948
5.890625 0.9579406923384201 0.9477754533743248 0.9477754533743248
5.90625 0.9578905442874992 0.9477501107452851 0.9477501107452851
5.921875 0.9578406317030105 0.9477248877551947 0.9477248877551947
5.9375 0.9577909530095386 0.9476997835989317 0.9476997835989317
5.953125 0.9577415066448441 0.9476747974781004 0.9476747974781004
5.96875 0.9576922910597128 0.9476499286010585 0.9476499286010585
5.984375 0.9576433047178419 0.947625176182783 0.947625176182783
6 0.9575945460957291 0.9476005394448337 0.9476005394448337
6.015625 0.9575460136825132 0.9475760176152818 0.9475760176152818
6.03125 0.957497705979915 0.9475516099286625 0.9475516099286625
6.046875 0.9574496215020519 0.9475273156258933 0.9475273156258933
6.0625 0.9574017587753709 0.9475031339542362 0.9475031339542362
6.078125 0.9573541163385202 0.9474790641671983 0.9474790641671983
6.09375 0.9573066927421967 0.9474551055245322 0.9474551055245322
6.109375 0.9572594865490807 0.9474312572921049 0.9474312572921049
6.125 0.9572124963337042 0.9474075187419121 0.9474075187419121
6.140625 0.9571657206823334 0.9473838891519523 0.9473838891519523
6.15625 0.9571191581928824 0.9473603678062171 0.9473603678062171
6.171875 0.9570728074747363 0.9473369539946072 0.9473369539946072
6.1875 0.9570266671487232 0.9473136470129097 0.9473136470129097
6.203125 0.9569807358469758 0.9472904461626936 0.9472904461626936
6.21875 0.9569350122128034 0.9472673507512902 0.9472673507512902
6.234375 0.9568894949006204 0.9472443600917245 0.9472443600917245
6.25 0.9568441825757928 0.9472214735026668 0.9472214735026668
6.265625 0.9567990739146008 0.9471986903083848 0.9471986903083848
6.28125 0.9567541676040888 0.9471760098386678 0.9471760098386678
6.296875 0.9567094623419906 0.9471534314288009 0.9471534314288009
6.3125 0.9566649568365978 0.947130954419495 0.947130954419495
6.328125 0.9566206498066713 0.9471085781568399 0.9471085781568399
6.34375 0.9565765399813789 0.9470863019922572 0.9470863019922572
6.359375 0.9565326261001332 0.9470641252824538 0.9470641252824538
6.375 0.9564889069125677 0.9470420473893444 0.9470420473893444
6.390625 0.9564453811783739 0.9470200676800454 0.9470200676800454
6.40625 0.9564020476672519 0.9469981855268019 0.9469981855268019
6.421875 0.9563589051587883 0.9469764003069181 0.9469764003069181
6.4375 0.9563159524423954 0.9469547114027637 0.9469547114027637
6.453125 0.9562731883171789 0.9469331182016767 0.9469331182016767
6.46875 0.9562306115918832 0.9469116200959238 0.9469116200959238
6.484375 0.9561882210847793 0.9468902164826892 0.9468902164826892
6.5 0.9561460156235945 0.9468689067639935 0.9468689067639935
6.515625 0.9561039940453969 0.9468476903466488 0.9468476903466488
6.53125 0.9560621551965497 0.9468265666422424 0.9468265666422424
6.546875 0.9560204979325592 0.9468055350670499 0.9468055350670499
6.5625 0.9559790211180543 0.9467845950420404 0.9467845950420404
6.578125 0.9559377236266863 0.9467637459927842 0.9467637459927842
6.59375 0.9558966043410188 0.946742987349444 0.946742987349444
6.609375 0.9558556621524636 0.94672231854671 0.94672231854671
6.625 0.9558148959611983 0.9467017390237863 0.9467017390237863
6.640625 0.955774304676092 0.9466812482243023 0.9466812482243023
6.65625 0.9557338872146077 0.9466608455963306 0.9466608455963306
6.671875 0.9556936425027159 0.9466405305922952 0.9466405305922952
6.6875 0.9556535694748636 0.946620302668936 0.946620302668936
6.703125 0.9556136670738445 0.9466001612873128 0.9466001612873128
6.71875 0.9555739342507482 0.9465801059127165 0.9465801059127165
6.734375 0.9555343699648603 0.9465601360146527 0.9465601360146527
6.75 0.9554949731836256 0.9465402510667927 0.9465402510667927
6.765625 0.9554557428825324 0.9465204505469489 0.9465204505469489
6.78125 0.9554166780450566 0.9465007339370226 0.9465007339370226
6.796875 0.9553777776625947 0.9464811007229669 0.9464811007229669
6.8125 0.9553390407344092 0.9464615503947695 0.9464615503947695
6.828125 0.9553004662674781 0.9464420824463728 0.9464420824463728
6.84375 0.9552620532765224 0.9464226963756889 0.9464226963756889
6.859375 0.95522380078386 0.9464033916845318 0.9464033916845318
6.875 0.9551857078193986 0.9463841678785737 0.9463841678785737
6.890625 0.9551477734204965 0.9463650244673377 0.9463650244673377
6.90625 0.9551099966319682 0.9463459609641504 0.9463459609641504
6.921875 0.9550723765059592 0.9463269768860946 0.9463269768860946
6.9375 0.95503491210191 0.9463080717539859 0.9463080717539859
6.953125 0.9549976024864757 0.9462892450923546 0.9462892450923546
6.96875 0.9549604467334752 0.9462704964293734 0.9462704964293734
6.984375 0.9549234439237879 0.9462518252968546 0.9462518252968546
7 0.9548865931453537 0.946233231230211 0.946233231230211
7.015625 0.9548498934930598 0.9462147137684208 0.9462147137684208
7.03125 0.9548133440686714 0.9461962724539796 0.9461962724539796
7.046875 0.9547769439808274 0.9461779068328974 0.9461779068328974
7.0625 0.9547406923449095 0.9461596164546574 0.9461596164546574
7.078125 0.9547045882830117 0.9461414008721485 0.9461414008721485
7.09375 0.9546686309239044 0.9461232596417101 0.9461232596417101
7.109375 0.9546328194029182 0.9461051923230224 0.9461051923230224
7.125 0.9545971528619511 0.9460871984791197 0.9460871984791197
7.140625 0.9545616304493446 0.9460692776763517 0.9460692776763517
7.15625 0.9545262513198851 0.9460514294843603 0.9460514294843603
7.171875 0.9544910146346905 0.946033653476015 0.946033653476015
7.1875 0.9544559195611865 0.9460159492274379 0.9460159492274379
7.203125 0.95442096527304 0.9459983163179324 0.9459983163179324
7.21875 0.954386150950132 0.945980754329976 0.945980754329976
7.234375 0.9543514757784637 0.9459632628491796 0.9459632628491796
7.25 0.9543169389500985 0.9459458414642645 0.9459458414642645
7.265625 0.9542825396631315 0.9459284897670507 0.9459284897670507
7.28125 0.9542482771216599 0.9459112073523739 0.9459112073523739
7.296875 0.9542141505356565 0.9458939938181476 0.9458939938181476
7.3125 0.9541801591209971 0.9458768487652506 0.9458768487652506
7.328125 0.9541463020993266 0.9458597717975459 0.9458597717975459
7.34375 0.9541125786980986 0.945842762521849 0.945842762521849
7.359375 0.9540789881504489 0.945825820547892 0.945825820547892
7.375 0.954045529695194 0.9458089454882993 0.9458089454882993
7.390625 0.9540122025767321 0.9457921369585667 0.9457921369585667
7.40625 0.9539790060450601 0.9457753945770433 0.9457753945770433
7.421875 0.953945939355659 0.9457587179648806 0.9457587179648806
7.4375 0.9539130017694817 0.9457421067460382 0.9457421067460382
7.453125 0.9538801925529022 0.9457255605472399 0.9457255605472399
7.46875 0.9538475109776725 0.9457090789979488 0.9457090789979488
7.484375 0.953814956320825 0.945692661730361 0.945692661730361
7.5 0.9537825278647128 0.9456763083793533 0.9456763083793533
7.515625 0.9537502248968996 0.9456600185824978 0.9456600185824978
7.53125 0.9537180467101313 0.9456437919799928 0.9456437919799928
7.546875 0.9536859926022895 0.9456276282146714 0.9456276282146714
7.5625 0.9536540618763429 0.9456115269319754 0.9456115269319754
7.578125 0.9536222538403355 0.9455954877799289 0.9455954877799289
7.59375 0.9535905678072853 0.9455795104090984 0.9455795104090984
7.609375 0.9535590030951906 0.945563594472606 0.945563594472606
7.625 0.9535275590269529 0.9455477396260639 0.9455477396260639
7.640625 0.9534962349303748 0.9455319455275926 0.9455319455275926
7.65625 0.953465030138066 0.9455162118377931 0.9455162118377931
7.671875 0.9534339439874447 0.9455005382196916 0.9455005382196916
7.6875 0.9534029758206634 0.9454849243387474 0.9454849243387474
7.703125 0.9533721249845915 0.9454693698628337 0.9454693698628337
7.71875 0.9533413908307848 0.9454538744622033 0.9454538744622033
7.734375 0.9533107727154007 0.9454384378094738 0.9454384378094738
7.75 0.9532802699992122 0.9454230595796165 0.9454230595796165
7.765625 0.9532498820475082 0.9454077394499106 0.9454077394499106
7.78125 0.9532196082301229 0.9453924770999542 0.9453924770999542
7.796875 0.9531894479213431 0.9453772722116246 0.9453772722116246
7.8125 0.9531594004998911 0.9453621244690625 0.9453621244690625
7.828125 0.9531294653488865 0.945347033558643 0.945347033558643
7.84375 0.9530996418558235 0.9453319991689922 0.9453319991689922
7.859375 0.9530699294124851 0.9453170209909234 0.9453170209909234
7.875 0.953040327414967 0.9453020987174472 0.9453020987174472
7.890625 0.9530108352636082 0.9452872320437394 0.9452872320437394
7.90625 0.9529814523629524 0.9452724206671305 0.9452724206671305
7.921875 0.9529521781217134 0.9452576642870755 0.9452576642870755
7.9375 0.9529230119527773 0.9452429626051561 0.9452429626051561
7.953125 0.952893953273097 0.9452283153250427 0.9452283153250427
7.96875 0.9528650015037283 0.9452137221524787 0.9452137221524787
7.984375 0.9528361560697376 0.94519918279529 0.94519918279529
8 0.9528074164002356 0.9451846969633191 0.9451846969633191
8.015625 0.9527787819282472 0.9451702643684532 0.9451702643684532
8.03125 0.9527502520907739 0.9451558847245866 0.9451558847245866
8.046875 0.9527218263287172 0.9451415577476028 0.9451415577476028
8.0625 0.9526935040868336 0.9451272831553544 0.9451272831553544
8.078125 0.9526652848137253 0.9451130606676663 0.9451130606676663
8.09375 0.9526371679618012 0.9450988900063012 0.9450988900063012
8.109375 0.9526091529872531 0.9450847708949439 0.9450847708949439
8.125 0.9525812393499969 0.9450707030591936 0.9450707030591936
8.140625 0.9525534265136834 0.945056686226536 0.945056686226536
8.15625 0.9525257139456306 0.9450427201263498 0.9450427201263498
8.171875 0.9524981011167877 0.9450288044898619 0.9450288044898619
8.1875 0.9524705875017717 0.9450149390501649 0.9450149390501649
8.203125 0.9524431725787547 0.9450011235421579 0.9450011235421579
8.21875 0.9524158558294593 0.9449873577025643 0.9449873577025643
8.234375 0.9523886367391959 0.9449736412699433 0.9449736412699433
8.25 0.9523615147967062 0.9449599739845775 0.9449599739845775
8.265625 0.9523344894942579 0.9449463555885793 0.9449463555885793
8.28125 0.9523075603275374 0.9449327858257952 0.9449327858257952
8.296875 0.9522807267956467 0.9449192644417947 0.9449192644417947
8.3125 0.9522539884010858 0.9449057911839099 0.9449057911839099
8.328125 0.9522273446497231 0.9448923658011763 0.9448923658011763
8.34375 0.9522007950507279 0.944878988044296 0.944878988044296
8.359375 0.9521743391166135 0.9448656576657259 0.9448656576657259
8.375 0.9521479763631525 0.9448523744195345 0.9448523744195345
8.390625 0.9521217063093667 0.944839138061462 0.944839138061462
8.40625 0.9520955284775162 0.9448259483489213 0.9448259483489213
8.421875 0.9520694423930391 0.9448128050409229 0.9448128050409229
8.4375 0.9520434475845722 0.9447997078981119 0.9447997078981119
8.453125 0.9520175435838838 0.9447866566827386 0.9447866566827386
8.46875 0.9519917299258718 0.9447736511586388 0.9447736511586388
8.484375 0.9519660061485253 0.9447606910912316 0.9447606910912316
8.5 0.9519403717929026 0.9447477762475043 0.9447477762475043
8.515625 0.9519148264031215 0.9447349063959891 0.9447349063959891
8.53125 0.9518893695263049 0.9447220813067707 0.9447220813067707
8.546875 0.9518640007126041 0.944709300751449 0.944709300751449
8.5625 0.9518387195150941 0.9446965645031625 0.9446965645031625
8.578125 0.951813525489858 0.9446838723365172 0.9446838723365172
8.59375 0.9517884181958561 0.9446712240276448 0.9446712240276448
8.609375 0.9517633971949843 0.9446586193541374 0.9446586193541374
8.625 0.9517384620519961 0.9446460580950728 0.9446460580950728
8.640625 0.9517136123345333 0.94463354003096 0.94463354003096
8.65625 0.9516888476130198 0.9446210649437615 0.9446210649437615
8.671875 0.9516641674607444 0.9446086326169011 0.9446086326169011
8.6875 0.9516395714537572 0.944596242835185 0.944596242835185
8.703125 0.9516150591708704 0.9445838953848414 0.9445838953848414
8.71875 0.9515906301936741 0.944571590053498 0.944571590053498
8.734375 0.9515662841064254 0.9445593266301814 0.9445593266301814
8.75 0.9515420204961467 0.9445471049052796 0.9445471049052796
8.765625 0.9515178389524999 0.9445349246705572 0.9445349246705572
8.78125 0.9514937390678022 0.9445227857191233 0.9445227857191233
8.796875 0.9514697204370341 0.9445106878454378 0.9445106878454378
8.8125 0.9514457826577851 0.9444986308452963 0.9444986308452963
8.828125 0.9514219253302345 0.9444866145158174 0.9444866145158174
8.84375 0.9513981480571361 0.9444746386554111 0.9444746386554111
8.859375 0.9513744504438089 0.9444627030638226 0.9444627030638226
8.875 0.9513508320981114 0.9444508075420766 0.9444508075420766
8.890625 0.9513272926303903 0.9444389518924619 0.9444389518924619
8.90625 0.9513038316535338 0.944427135918565 0.944427135918565
8.921875 0.9512804487828774 0.944415359425221 0.944415359425221
8.9375 0.9512571436362136 0.944403622218517 0.944403622218517
8.953125 0.9512339158337795 0.9443919241057946 0.9443919241057946
8.96875 0.9512107649982392 0.9443802648955927 0.9443802648955927
8.984375 0.9511876907546476 0.9443686443977151 0.9443686443977151
9 0.9511646927304473 0.9443570624231573 0.9443570624231573
9.015625 0.9511417705554407 0.9443455187841279 0.9443455187841279
9.03125 0.9511189238617674 0.9443340132940186 0.9443340132940186
9.046875 0.9510961522839252 0.944322545767411 0.944322545767411
9.0625 0.9510734554586889 0.9443111160200721 0.9443111160200721
9.078125 0.9510508330251393 0.9442997238689138 0.9442997238689138
9.09375 0.9510282846246236 0.9442883691320275 0.9442883691320275
9.109375 0.9510058099007599 0.9442770516286538 0.9442770516286538
9.125 0.9509834084993835 0.9442657711791476 0.9442657711791476
9.140625 0.9509610800685792 0.9442545276050333 0.9442545276050333
9.15625 0.9509388242586141 0.9442433207289169 0.9442433207289169
9.171875 0.9509166407219447 0.9442321503745568 0.9442321503745568
9.1875 0.9508945291132297 0.9442210163667923 0.9442210163667923
9.203125 0.9508724890892348 0.9442099185315647 0.9442099185315647
9.21875 0.9508505203088919 0.9441988566958976 0.9441988566958976
9.234375 0.9508286224332614 0.9441878306879257 0.9441878306879257
9.25 0.9508067951254948 0.9441768403368179 0.9441768403368179
9.265625 0.9507850380508365 0.9441658854728162 0.9441658854728162
9.28125 0.9507633508766147 0.9441549659272418 0.9441549659272418
9.296875 0.9507417332721995 0.9441440815324214 0.9441440815324214
9.3125 0.9507201849090123 0.9441332321217749 0.9441332321217749
9.328125 0.9506987054605182 0.9441224175297126 0.9441224175297126
9.34375 0.9506772946021647 0.9441116375916836 0.9441116375916836
9.359375 0.9506559520114091 0.9441008921441419 0.9441008921441419
9.375 0.9506346773677168 0.944090181024574 0.944090181024574
9.390625 0.950613470352474 0.9440795040714429 0.9440795040714429
9.40625 0.9505923306490518 0.9440688611242275 0.9440688611242275
9.421875 0.9505712579427412 0.9440582520233746 0.9440582520233746
9.4375 0.9505502519207764 0.9440476766103119 0.9440476766103119
9.453125 0.9505293122722811 0.944037134727448 0.944037134727448
9.46875 0.950508438688289 0.9440266262181493 0.9440266262181493
9.484375 0.9504876308616955 0.9440161509267372 0.9440161509267372
9.5 0.9504668884872777 0.9440057086984915 0.9440057086984915
9.515625 0.9504462112616771 0.9439952993796299 0.9439952993796299
9.53125 0.9504255988833404 0.9439849228172915 0.9439849228172915
9.546875 0.9504050510525637 0.943974578859571 0.943974578859571
9.5625 0.9503845674714536 0.9439642673554702 0.9439642673554702
9.578125 0.9503641478439111 0.9439539881549018 0.9439539881549018
9.59375 0.9503437918756248 0.9439437411086862 0.9439437411086862
9.609375 0.9503234992740452 0.9439335260685637 0.9439335260685637
9.625 0.9503032697483925 0.9439233428871489 0.9439233428871489
9.640625 0.9502831030096399 0.9439131914179454 0.9439131914179454
9.65625 0.9502629987704687 0.9439030715153559 0.9439030715153559
9.671875 0.9502429567453013 0.9438929830346366 0.9438929830346366
9.6875 0.9502229766502661 0.9438829258319287 0.9438829258319287
9.703125 0.950203058203177 0.9438728997642314 0.9438728997642314
9.71875 0.9501832011235387 0.9438629046893922 0.9438629046893922
9.734375 0.9501634051325387 0.9438529404661116 0.9438529404661116
9.75 0.9501436699529806 0.9438430069539452 0.9438430069539452
9.765625 0.950123995309363 0.9438331040132637 0.9438331040132637
9.78125 0.9501043809278065 0.9438232315053013 0.9438232315053013
9.796875 0.9500848265360198 0.943813389292072 0.943813389292072
9.8125 0.9500653318633681 0.9438035772364521 0.9438035772364521
9.828125 0.9500458966407951 0.9437937952021126 0.9437937952021126
9.84375 0.9500265206008232 0.9437840430535238 0.9437840430535238
9.859375 0.9500072034775696 0.9437743206559714 0.9437743206559714
9.875 0.9499879450067055 0.9437646278755212 0.9437646278755212
9.890625 0.9499687449254567 0.9437549645790609 0.9437549645790609
9.90625 0.9499496029725927 0.9437453306342225 0.9437453306342225
9.921875 0.9499305188884122 0.9437357259094314 0.9437357259094314
9.9375 0.9499114924147306 0.9437261502739009 0.9437261502739009
9.953125 0.9498925232948927 0.9437166035975864 0.9437166035975864
9.96875 0.9498736112737153 0.9437070857512313 0.9437070857512313
9.984375 0.9498547560975035 0.9436975966063093 0.9436975966063093
